152 156 157 158 164 168 171 172 178 178 
184 191 195 196 196 201 207 214 217 217 
224 224 233 237 237 239 240 247 252 261 
261 267 272 275 284 285 292 295 300 303 
308 309 312 321 325 328 335 337 339 341 
343 344 346 349 354 358 365 374 376 381 
381 383 384 389 397 399 408 413 418 422 
423 425 432 438 440 443 444 445 450 454 
457 466 471 478 483 486 488 490 494 498 
505 509 517 517 518 524 527 527 531 531 
537 544 547 552 555 562 570 574 582 587 
587 590 597 603 603 605 606 608 612 617 
625 629 630 639 645 647 654 663 668 669 
671 674 682 689 698 701 705 714 722 726 
733 733 740 744 752 759 765 774 776 778 
784 786 794 803 806 811 813 814 820 829 
833 833 835 840 847 850 858 861 866 874 
881 883 892 898 906 915 921 927 936 936 
944 951 953 960 967 975 979 980 989 989 
991 996 997 1001 1001 1001 1001 1002 1006 1011 
1012 1015 1022 1024 1024 1029 1031 1037 1038 1041 
1049 1050 1050 1050 1050 1059 1067 1071 1073 1082 
1089 1093 1098 1098 1107 1114 1116 1125 1133 1139 
1145 1145 1147 1150 1152 1154 1154 1160 1160 1163 
1172 1180 1186 1188 1188 1195 1196 1197 1200 1204 
1204 1206 1214 1221 1225 1234 1241 1248 1248 1253 
1258 1264 1271 1278 1279 1281 1290 1293 1301 1302 
1310 1318 1319 1326 1326 1328 1334 1337 1342 1351 
1360 1367 1371 1371 1376 1384 1393 1395 1400 1402 
1411 1412 1412 1421 1421 1425 1426 1428 1437 1438 
1441 1449 1450 1455 1460 1461 1470 1473 1480 1484 
1488 1494 1495 1503 1509 1517 1526 1534 1536 1540 
1542 1546 1553 1555 1558 1566 1574 1580 1580 1588 
1597 1602 1610 1611 1613 1616 1620 1623 1631 1632 
1639 1641 1641 1642 1643 1649 1650 1650 1656 1660 
1666 1674 1674 1680 1681 1684 1690 1691 1692 1700 
1709 1711 1714 1721 1724 1732 1734 1742 1743 1743 
1744 1745 1748 1749 1751 1755 1755 1758 1764 1770 
1779 1781 1786 1795 1795 1803 1807 1813 1822 1827 
1831 1840 1848 1848 1854 1857 1865 1866 1869 1870 
1871 1876 1878 1882 1890 1894 1894 1902 1902 1908 
1915 1924 1925 1927 1936 1937 1937 1942 1942 1943 
1946 1952 1952 1955 1961 1970 1976 1982 1982 1982 
1990 1993 2000 2002 2002 2009 2018 2018 2024 2033 
2042 2047 2047 2049 2056 2057 2060 2069 2076 2081 
2081 2081 2083 2086 2089 2097 2101 2102 2109 2115 
2118 2125 2134 2136 2145 2146 2146 2154 2156 2164 
2173 2176 2179 2179 2184 2184 2187 2187 2188 2188 
2194 2197 2199 2207 2215 2222 2230 2232 2233 2240 
2240 2244 2248 2250 2257 2263 2266 2273 2279 2286 
2291 2297 2297 2297 2305 2310 2312 2313 2319 2322 
2326 2330 2336 2344 2348 2353 2359 2361 2370 2377 
2379 2379 2382 2390 2394 2394 2398 2405 2414 2415 
2420 2426 2435 2440 2446 2455 2458 2466 2468 2477 
2478 2484 2489 2489 2496 2505 2512 2515 2518 2526 
2528 2533 2533 2538 2542 2546 2554 2562 2564 2571 
2572 2579 2583 2585 2589 2591 2594 2601 2602 2608 
2616 2620 2624 2627 2633 2634 2636 2639 2645 2651 
2655 2663 2666 2670 2676 2683 2692 2696 2704 2705 
2708 2709 2709 2716 2722 2726 2726 2735 2739 2742 
2747 2749 2756 2758 2766 2770 2773 2775 2784 2786 
2786 2789 2789 2793 2801 2809 2810 2817 2821 2822 
2822 2830 2833 2833 2838 2847 2853 2860 2860 2862 
2862 2870 2877 2877 2877 2882 2888 2893 2900 2905 
2912 2920 2929 2929 2931 2940 2948 2953 2961 2964 
2971 2979 2980 2982 2982 2990 2993 3001 3009 3012 
3013 3013 3014 3022 3022 3023 3028 3034 3041 3045 
3049 3055 3057 3062 3068 3074 3078 3083 3087 3089 
3089 3092 3094 3097 3102 3106 3109 3109 3111 3112 
3115 3120 3122 3127 3132 3136 3144 3144 3147 3154 
3159 3166 3170 3179 3181 3183 3191 3199 3208 3212 
3214 3223 3230 3234 3238 3242 3250 3258 3262 3264 
3273 3280 3288 3291 3295 3300 3300 3305 3311 3314 
3318 3321 3323 3331 3335 3341 3344 3348 3352 3354 
3362 3370 3372 3379 3381 3387 3388 3390 3396 3401 
3407 3413 3418 3424 3425 3426 3428 3429 3437 3437 
3441 3444 3447 3453 3456 3465 3469 3475 3479 3479 
3488 3492 3500 3503 3505 3507 3508 3513 3519 3527 
3528 3531 3537 3545 3554 3561 3562 3563 3572 3574 
3575 3580 3585 3591 3595 3595 3601 3609 3618 3620 
3629 3629 3635 3642 3645 3645 3645 3649 3655 3661 
3665 3674 3675 3675 3684 3685 3685 3687 3691 3700 
3704 3712 3716 3717 3721 3729 3731 3733 3742 3745 
3751 3759 3762 3767 3774 3780 3785 3794 3796 3799 
3807 3816 3818 3827 3836 3839 3841 3850 3856 3863 
3863 3863 3870 3877 3879 3882 3889 3895 3901 3907 
3908 3912 3918 3922 3923 3927 3929 3938 3943 3949 
3951 3954 3959 3966 3969 3976 3976 3981 3989 3997 
4001 4002 4011 4012 4020 4023 4028 4035 4036 4039 
4043 4045 4052 4054 4060 4069 4077 4077 4085 4089 
4095 4097 4104 4108 4117 4117 4118 4120 4128 4129 
4129 4131 4133 4134 4140 4142 4146 4147 4147 4154 
4158 4164 4173 4176 4184 4191 4195 4202 4211 4215 
4216 4222 4229 4229 4229 4237 4240 4243 4243 4244 
4250 4253 4258 4267 4271 4272 4275 4276 4280 4283 
4291 4291 4300 4300 4304 4312 4321 4321 4328 4337 
4342 4342 4349 4353 4353 4362 4364 4367 4369 4374 
4380 4380 4388 4390 4399 4401 4406 4409 4412 4412 
4420 4424 4426 4434 4438 4446 4454 4459 4468 4473 
4477 4483 4488 4489 4489 4496 4498 4500 4501 4507 
4514 4521 4528 4535 4536 4542 4542 4551 4552 4557 
4558 4560 4569 4572 4572 4577 4579 4579 4580 4583 
4588 4593 4602 4604 4613 4622 4631 4632 4635 4637 
4645 4648 4650 4657 4657 4662 4667 4669 4673 4680 
4688 4693 4694 4703 4704 4705 4710 4713 4716 4722 
4728 4728 4731 4738 4740 4744 4750 4753 4761 4762 
4770 4778 4784 4784 4789 4796 4801 4801 4802 4804 
4813 4822 4829 4829 4838 4838 4841 4845 4850 4856 
4858 4859 4865 4870 4870 4870 4870 4878 4884 4892 
4892 4896 4902 4908 4914 4915 4920 4923 4926 4933 
4938 4941 4949 4954 4957 4964 4969 4976 4979 4980 
4985 4992 4996 5000 5003 5008 5012 5017 5022 5022 
5027 5032 5038 5039 5043 5045 5049 5058 5066 5073 
5081 5084 5084 5091 5091 5097 5103 5111 5116 5118 
5127 5127 5136 5141 5145 5149 5151 5152 5161 5169 
5172 5176 5181 5183 5190 5199 5203 5206 5207 5211 
5214 5215 5215 5218 5226 5226 5227 5234 5242 5250 
5259 5268 5277 5285 5292 5297 5302 5311 5319 5323 
5332 5336 5337 5342 5348 5356 5362 5364 5368 5377 
5384 5391 5392 5399 5401 5410 5417 5421 5429 5437 
5439 5446 5455 5458 5466 5472 5473 5476 5482 5483 
5492 5499 5504 5504 5506 5507 5508 5509 5513 5518 
5518 5519 5521 5522 5530 5534 5537 5544 5552 5553 
5560 5563 5564 5571 5579 5588 5591 5600 5604 5605 
5606 5609 5618 5624 5628 5631 5639 5646 5650 5652 
5654 5659 5664 5668 5676 5681 5689 5692 5696 5705 
5710 5712 5716 5724 5725 5727 5734 5740 5742 5745 
5753 5758 5764 5773 5774 5776 5778 5779 5788 5797 
5802 5805 5811 5811 5818 5822 5829 5837 5845 5847 
5856 5861 5867 5870 5873 5880 5885 5887 5890 5899 
5904 5907 5913 5916 5918 5918 5926 5933 5934 5943 
5949 5958 5961 5965 5966 5968 5976 5985 5987 5995 
5998 6001 6006 6015 6021 6029 6035 6039 6041 6050 
6055 6064 6069 6071 6074 6083 6085 6086 6092 6097 
6099 6103 6107 6112 6120 6126 6126 6135 6142 6144 
6153 6153 6159 6164 6173 6177 6182 6189 6189 6197 
6205 6211 6218 6221 6221 6223 6226 6230 6233 6242 
6251 6259 6265 6271 6274 6280 6284 6289 6294 6295 
6295 6302 6305 6311 6313 6315 6317 6324 6333 6336 
6343 6350 6351 6356 6359 6362 6369 6375 6382 6385 
6392 6400 6401 6404 6408 6414 6416 6424 6428 6437 
6446 6450 6456 6458 6458 6466 6472 6476 6484 6491 
6500 6505 6512 6514 6516 6516 6521 6523 6529 6533 
6540 6545 6550 6550 6551 6560 6566 6569 6577 6577 
6579 6588 6594 6603 6607 6613 6622 6624 6627 6634 
6634 6636 6641 6648 6655 6664 6673 6677 6678 6683 
6692 6700 6700 6704 6704 6705 6710 6719 6725 6730 
6731 6740 6747 6755 6755 6758 6764 6773 6778 6787 
6796 6803 6807 6813 6819 6820 6825 6830 6835 6844 
6846 6852 6861 6866 6868 6868 6876 6876 6885 6890 
6895 6895 6899 6901 6909 6915 6920 6925 6930 6933 
6937 6943 6945 6945 6947 6956 6957 6957 6963 6972 
6981 6990 6997 7005 7009 7009 7017 7019 7021 7028 
7037 7044 7052 7057 7059 7067 7068 7077 7080 7089 
7093 7093 7098 7105 7105 7105 7111 7115 7115 7117 
7122 7131 7134 7136 7143 7150 7154 7162 7164 7170 
7175 7176 7180 7185 7192 7200 7206 7214 7221 7230 
7239 7241 7242 7247 7256 7260 7265 7272 7272 7279 
7280 7285 7293 7298 7305 7312 7316 7318 7323 7329 
7337 7340 7340 7344 7352 7359 7361 7365 7372 7372 
7378 7385 7389 7398 7402 7405 7408 7409 7411 7414 
7422 7425 7425 7431 7439 7447 7452 7457 7457 7458 
7459 7459 7463 7466 7471 7475 7477 7484 7485 7485 
7494 7501 7510 7513 7521 7526 7534 7538 7544 7546 
7553 7559 7565 7565 7569 7575 7583 7592 7593 7593 
7593 7598 7598 7604 7612 7619 7620 7621 7628 7630 
7633 7639 7640 7644 7646 7647 7656 7658 7663 7670 
7675 7680 7683 7686 7691 7700 7709 7712 7720 7723 
7726 7727 7735 7740 7749 7757 7760 7760 7761 7761 
7765 7769 7777 7784 7784 7786 7795 7804 7809 7815 
7823 7825 7826 7827 7832 7838 7840 7846 7847 7850 
7859 7865 7871 7880 7882 7887 7887 7894 7902 7903 
7910 7914 7922 7929 7931 7939 7939 7942 7942 7949 
7958 7966 7975 7976 7978 7982 7991 7995 7997 7998 
8007 8009 8016 8021 8024 8025 8026 8029 8037 8038 
8043 8050 8055 8060 8065 8072 8077 8084 8086 8091 
8095 8097 8103 8106 8111 8111 8120 8124 8130 8131 
8138 8144 8149 8156 8157 8166 8174 8178 8180 8189 
8194 8203 8209 8210 8216 8219 8219 8221 8221 8224 
8233 8237 8244 8249 8258 8260 8265 8273 8281 8285 
8287 8293 8293 8300 8303 8306 8312 8315 8323 8324 
8326 8329 8331 8332 8338 8347 8351 8358 8359 8364 
8364 8364 8365 8374 8382 8383 8384 8387 8396 8405 
8414 8415 8422 8431 8432 8434 8437 8444 8452 8453 
8453 8453 8459 8462 8463 8466 8468 8476 8478 8481 
8484 8488 8493 8497 8500 8503 8508 8514 8523 8530 
8537 8545 8545 8550 8558 8559 8568 8569 8570 8577 
8581 8584 8584 8586 8592 8595 8602 8610 8611 8620 
8623 8629 8634 8643 8646 8654 8656 8656 8660 8661 
8668 8670 8670 8670 8679 8679 8682 8682 8685 8689 
8689 8696 8704 8704 8705 8711 8716 8725 8732 8741 
8749 8749 8754 8758 8759 8759 8763 8769 8770 8771 
8780 8788 8791 8792 8792 8796 8797 8801 8805 8809 
8809 8813 8816 8824 8830 8835 8842 8846 8852 8856 
8859 8865 8871 8871 8873 8881 8882 8889 8895 8897 
8905 8910 8912 8915 8922 8925 8934 8942 8949 8952 
8957 8966 8966 8966 8966 8974 8979 8986 8988 8991 
8994 9001 9001 9010 9018 9020 9029 9030 9039 9044 
9049 9058 9059 9068 9072 9080 9082 9085 9093 9094 
9103 9106 9107 9116 9120 9121 9130 9131 9131 9135 
9140 9143 9144 9149 9151 9152 9161 9165 9169 9178 
9187 9196 9196 9196 9205 9210 9210 9213 9221 9230 
9237 9244 9248 9256 9264 9272 9273 9281 9283 9286 
9288 9297 9303 9308 9312 9312 9319 9322 9326 9327 
9331 9337 9340 9347 9355 9357 9359 9368 9375 9377 
9377 9381 9383 9387 9391 9391 9394 9401 9401 9408 
9408 9412 9418 9424 9424 9426 9435 9444 9451 9456 
9456 9458 9459 9464 9465 9465 9472 9475 9484 9489 
9494 9495 9496 9503 9508 9514 9514 9514 9517 9517 
9524 9528 9535 9538 9540 9547 9552 9555 9563 9568 
9577 9577 9586 9586 9592 9592 9592 9597 9600 9601 
9603 9603 9607 9611 9611 9611 9611 9613 9613 9618 
9622 9622 9631 9632 9635 9639 9639 9640 9647 9655 
9661 9669 9678 9683 9692 9697 9704 9705 9705 9705 
9710 9713 9715 9724 9733 9737 9738 9747 9753 9755 
9759 9760 9762 9768 9772 9779 9781 9786 9786 9787 
9790 9798 9798 9802 9807 9808 9817 9819 9823 9825 
9829 9830 9837 9846 9847 9853 9856 9858 9865 9867 
9873 9876 9879 9879 9880 9889 9889 9894 9898 9898 
9905 9905 9906 9915 9919 9927 9929 9935 9936 9944 
9944 9951 9951 9960 9966 9969 9974 9976 9983 9987 
9991 9995 10002 10011 10017 10018 10026 10032 10038 10043 
10052 10057 10062 10064 10068 10069 10069 10077 10086 10089 
10096 10097 10098 10107 10107 10116 10118 10125 10126 10135 
10136 10143 10148 10149 10155 10157 10161 10166 10166 10166 
10168 10177 10183 10192 10195 10197 10199 10203 10206 10210 
10217 10217 10222 10222 10223 10231 10233 10236 10241 10244 
10248 10257 10260 10262 10264 10273 10279 10285 10291 10297 
10305 10313 10321 10325 10334 10335 10344 10346 10351 10353 
10359 10364 10368 10369 10376 10381 10382 10391 10399 10408 
10413 10417 10425 10433 10439 10441 10448 10450 10450 10456 
10465 10473 10479 10488 10491 10497 10497 10499 10507 10515 
10519 10523 10526 10534 10541 10541 10546 10547 10549 10552 
10552 10559 10568 10568 10575 10581 10583 10587 10587 10589 
10591 10592 10592 10601 10601 10606 10613 10616 10625 10630 
10631 10636 10637 10643 10648 10648 10656 10656 10657 10657 
10662 10665 10674 10679 10682 10688 10691 10696 10699 10702 
10711 10716 10723 10725 10731 10738 10745 10748 10748 10757 
10765 10768 10772 10773 10782 10782 10786 10794 10794 10799 
10799 10805 10806 10806 10807 10811 10817 10823 10825 10834 
10843 10844 10849 10855 10860 10863 10869 10874 10881 10889 
10893 10900 10902 10910 10919 10922 10930 10933 10934 10935 
10935 10939 10946 10947 10951 10951 10959 10959 10965 10965 
10965 10972 10973 10980 10986 10995 10995 10997 11001 11010 
11012 11020 11027 11033 11039 11045 11045 11052 11053 11056 
11064 11067 11074 11079 11086 11087 11094 11099 11103 11106 
11111 11117 11117 11125 11128 11134 11141 11146 11146 11147 
11152 11155 11164 11166 11167 11175 11175 11176 11183 11186 
11191 11196 11202 11206 11208 11211 11219 11228 11236 11238 
11242 11247 11255 11261 11265 11268 11271 11272 11272 11277 
11282 11287 11287 11291 11300 11302 11306 11307 11310 11311 
11315 11315 11323 11324 11331 11331 11337 11342 11343 11350 
11357 11364 11366 11373 11377 11383 11383 11392 11392 11392 
11396 11401 11409 11416 11417 11424 11433 11441 11442 11446 
11455 11460 11467 11467 11475 11479 11481 11488 11489 11493 
11497 11497 11500 11508 11515 11522 11529 11536 11542 11549 
11558 11561 11565 11572 11572 11579 11586 11595 11600 11608 
11613 11620 11625 11627 11634 11638 11646 11655 11656 11657 
11662 11669 11670 11679 11684 11692 11700 11704 11711 11716 
11719 11726 11726 11733 11737 11737 11744 11747 11748 11750 
11751 11757 11758 11765 11766 11774 11777 11778 11778 11784 
11787 11794 11797 11801 11809 11809 11812 11819 11824 11824 
11828 11836 11845 11849 11857 11863 11869 11874 11883 11890 
11899 11900 11905 11906 11906 11914 11923 11928 11928 11929 
11930 11935 11944 11948 11957 11964 11970 11974 11980 11981 
11988 11988 11990 11996 12000 12000 12002 12002 12007 12011 
12020 12024 12031 12038 12045 12052 12057 12066 12068 12075 
12075 12080 12082 12083 12092 12096 12097 12102 12110 12117 
12126 12133 12141 12142 12148 12152 12153 12153 12160 12168 
12172 12180 12184 12185 12190 12192 12200 12203 12206 12208 
12208 12211 12218 12223 12230 12238 12247 12255 12261 12270 
12275 12282 12291 12296 12304 12309 12311 12312 12317 12318 
12319 12319 12328 12335 12336 12343 12344 12346 12346 12350 
12356 12358 12366 12372 12381 12386 12392 12392 12397 12401 
12403 12405 12406 12407 12407 12416 12424 12426 12428 12431 
12436 12439 12444 12448 12449 12458 12461 12463 12466 12471 
12480 12481 12489 12498 12507 12516 12522 12528 12528 12529 
12529 12531 12534 12536 12541 12544 12547 12550 12557 12563 
12571 12573 12574 12580 12589 12593 12598 12600 12607 12607 
12615 12623 12624 12632 12639 12640 12647 12650 12659 12668 
12672 12673 12674 12683 12686 12694 12697 12706 12707 12707 
12714 12716 12721 12729 12737 12741 12744 12749 12755 12757 
12762 12768 12768 12776 12780 12787 12788 12792 12792 12794 
12797 12803 12807 12814 12819 12828 12835 12835 12843 12852 
12853 12858 12861 12869 12875 12876 12878 12887 12895 12895 
12898 12903 12910 12913 12916 12919 12921 12928 12937 12941 
12950 12955 12955 12958 12960 12965 12970 12979 12985 12990 
12990 12999 13002 13005 13012 13021 13027 13028 13028 13032 
13033 13036 13037 13037 13045 13050 13056 13056 13060 13065 
13069 13074 13074 13080 13081 13085 13086 13092 13098 13107 
13108 13116 13116 13120 13124 13131 13136 13138 13138 13143 
13152 13156 13156 13156 13162 13170 13177 13179 13179 13180 
13180 13186 13193 13193 13195 13203 13210 13216 13222 13227 
13232 13239 13242 13248 13252 13261 13266 13275 13277 13283 
13290 13291 13293 13300 13301 13309 13317 13326 13327 13335 
13335 13336 13343 13352 13355 13364 13373 13375 13382 13387 
13394 13397 13402 13405 13406 13415 13417 13423 13423 13427 
13431 13438 13445 13453 13460 13469 13476 13481 13489 13489 
13494 13494 13497 13501 13503 13511 13517 13518 13519 13522 
13531 13531 13537 13541 13546 13555 13560 13568 13576 13583 
13587 13589 13594 13598 13599 13603 13606 13606 13607 13610 
13610 13616 13621 13624 13627 13634 13635 13644 13653 13657 
13659 13659 13664 13673 13677 13677 13677 13678 13678 13686 
13694 13701 13702 13707 13708 13712 13721 13725 13731 13731 
13740 13746 13755 13759 13760 13762 13766 13768 13769 13772 
13779 13782 13787 13791 13795 13804 13810 13815 13817 13824 
13829 13829 13835 13843 13849 13856 13858 13865 13868 13876 
13876 13880 13886 13895 13903 13910 13913 13915 13917 13921 
13928 13929 13938 13940 13945 13951 13954 13957 13958 13963 
13965 13971 13979 13987 13992 13998 14005 14014 14017 14019 
14019 14022 14028 14036 14040 14045 14051 14058 14067 14067 
14070 14079 14080 14083 14086 14094 14103 14110 14111 14113 
14117 14123 14123 14127 14131 14138 14138 14142 14151 14157 
14163 14164 14165 14168 14177 14185 14185 14192 14197 14198 
14205 14206 14206 14214 14220 14224 14232 14239 14242 14242 
14251 14260 14266 14267 14271 14273 14274 14280 14286 14288 
14292 14297 14300 14306 14314 14318 14324 14332 14334 14335 
14344 14353 14357 14359 14359 14359 14367 14375 14382 14383 
14383 14391 14393 14401 14403 14409 14410 14413 14418 14427 
14432 14441 14445 14445 14452 14456 14460 14463 14467 14473 
14480 14486 14494 14495 14503 14511 14515 14521 14527 14528 
14537 14546 14548 14549 14556 14560 14560 14568 14575 14580 
14580 14584 14590 14596 14602 14608 14609 14609 14618 14623 
14632 14640 14643 14650 14652 14653 14660 14666 14675 14680 
14689 14697 14701 14702 14702 14704 14711 14713 14715 14721 
14728 14730 14732 14735 14736 14744 14753 14757 14766 14767 
14776 14784 14785 14790 14797 14800 14806 14810 14811 14819 
14828 14831 14839 14845 14851 14851 14859 14863 14865 14865 
14865 14874 14879 14882 14887 14893 14894 14900 14902 14904 
14913 14914 14916 14917 14925 14926 14930 14937 14942 14950 
14955 14962 14963 14966 14969 14976 14980 14983 14986 14992 
14995 14999 15007 15007 15016 15019 15027 15029 15030 15030 
15035 15036 15040 15049 15051 15053 15054 15062 15071 15079 
15085 15091 15096 15103 15103 15103 15110 15116 15119 15119 
15123 15132 15138 15140 15141 15146 15151 15151 15159 15166 
15168 15173 15181 15189 15195 15197 15198 15205 15205 15207 
15213 15220 15229 15232 15238 15239 15243 15246 15255 15264 
15270 15273 15273 15275 15281 15283 15291 15294 15298 15306 
15308 15316 15321 15321 15328 15329 15331 15331 15332 15337 
15341 15348 15350 15355 15357 15365 15371 15379 15383 15388 
15396 15396 15397 15397 15399 15406 15408 15410 15410 15418 
15420 15423 15430 15439 15444 15450 15453 15453 15459 15463 
15468 15468 15471 15480 15486 15491 15498 15502 15506 15509 
15511 15515 15518 15521 15525 15533 15535 15544 15546 15548 
15555 15560 15567 15573 15579 15584 15586 15595 15600 15608 
15613 15615 15616 15624 15625 15634 15640 15640 15643 15643 
15647 15654 15660 15669 15671 15671 15680 15684 15693 15695 
15704 15711 15718 15724 15729 15734 15735 15743 15748 15756 
15764 15764 15766 15767 15768 15771 15771 15778 15784 15790 
15799 15801 15806 15811 15814 15822 15827 15830 15832 15839 
15844 15845 15851 15855 15855 15856 15865 15868 15877 15883 
15887 15887 15896 15902 15903 15903 15905 15909 15916 15924 
15926 15932 15934 15941 15942 15947 15952 15960 15968 15968 
15973 15978 15981 15982 15991 15994 15997 15998 16007 16011 
16018 16021 16025 16031 16040 16048 16054 16057 16059 16064 
16065 16069 16072 16077 16078 16082 16083 16092 16097 16098 
16107 16107 16114 16118 16122 16130 16138 16145 16154 16163 
16166 16173 16175 16183 16188 16191 16199 16201 16208 16208 
16217 16217 16223 16226 16232 16241 16250 16259 16259 16263 
16263 16264 16269 16276 16282 16291 16297 16303 16311 16318 
16323 16324 16328 16335 16336 16336 16338 16347 16351 16360 
16361 16364 16364 16373 16379 16387 16396 16404 16411 16420 
16422 16429 16432 16441 16448 16457 16457 16462 16467 16475 
16477 16477 16479 16486 16495 16498 16507 16508 16511 16516 
16517 16523 16523 16526 16532 16539 16540 16547 16554 16562 
16570 16579 16586 16587 16596 16600 16600 16609 16618 16623 
16623 16627 16634 16636 16639 16645 16652 16654 16662 16664 
16673 16682 16691 16700 16704 16709 16717 16722 16724 16729 
16734 16734 16739 16741 16745 16751 16758 16762 16769 16777 
16779 16786 16788 16797 16798 16805 16811 16820 16821 16827 
16828 16828 16835 16837 16837 16838 16847 16855 16861 16864 
16870 16871 16877 16878 16883 16883 16890 16894 16898 16904 
16907 16915 16919 16926 16934 16941 16946 16952 16958 16966 
16968 16968 16977 16986 16988 16989 16989 16993 16994 17002 
17009 17016 17017 17020 17028 17034 17037 17044 17045 17045 
17049 17055 17063 17063 17068 17076 17083 17085 17089 17095 
17096 17104 17110 17110 17117 17117 17120 17129 17133 17137 
17144 17148 17150 17150 17157 17157 17164 17167 17167 17167 
17172 17178 17186 17191 17197 17200 17204 17209 17215 17215 
17216 17223 17232 17241 17250 17258 17258 17260 17268 17274 
17280 17287 17287 17295 17303 17303 17304 17311 17316 17319 
17328 17328 17329 17336 17343 17352 17352 17353 17357 17363 
17367 17373 17378 17381 17388 17394 17395 17402 17410 17411 
17417 17424 17433 17441 17448 17455 17463 17463 17469 17474 
17479 17484 17491 17497 17501 17506 17511 17515 17523 17523 
17526 17528 17536 17536 17543 17548 17555 17556 17561 17568 
17570 17573 17579 17580 17581 17585 17585 17587 17591 17599 
17606 17606 17609 17616 17624 17631 17633 17637 17641 17643 
17649 17658 17663 17667 17676 17680 17681 17687 17692 17700 
17706 17714 17715 17717 17726 17731 17737 17739 17746 17749 
17749 17755 17760 17766 17769 17774 17779 17786 17795 17804 
17804 17809 17817 17824 17825 17825 17828 17831 17839 17848 
17849 17853 17862 17867 17874 17874 17874 17879 17881 17890 
17890 17895 17900 17907 17908 17909 17912 17918 17918 17920 
17928 17930 17930 17936 17945 17946 17954 17959 17963 17970 
17974 17982 17983 17986 17991 17991 17994 17999 18007 18015 
18019 18027 18030 18031 18039 18043 18047 18050 18052 18057 
18064 18064 18071 18078 18087 18096 18105 18112 18116 18121 
18125 18125 18130 18138 18143 18143 18143 18143 18150 18158 
18166 18169 18178 18181 18188 18195 18204 18205 18207 18209 
18215 18224 18228 18234 18241 18244 18249 18257 18260 18261 
18266 18275 18278 18279 18288 18296 18299 18299 18307 18308 
18316 18325 18329 18336 18340 18343 18349 18353 18358 18366 
18374 18377 18377 18379 18388 18395 18403 18409 18414 18417 
18426 18426 18428 18430 18433 18437 18439 18446 18450 18453 
18453 18455 18459 18463 18465 18473 18473 18473 18475 18480 
18481 18483 18491 18492 18497 18497 18505 18510 18518 18523 
18531 18531 18538 18540 18544 18547 18553 18560 18560 18560 
18562 18562 18567 18573 18579 18588 18592 18598 18607 18616 
18619 18621 18622 18626 18629 18637 18643 18646 18649 18653 
18661 18664 18670 18678 18684 18685 18686 18690 18690 18693 
18700 18702 18707 18711 18719 18722 18725 18729 18731 18735 
18740 18745 18752 18761 18770 18770 18777 18782 18786 18789 
18791 18795 18801 18801 18805 18809 18810 18817 18818 18819 
18821 18829 18834 18841 18843 18848 18849 18854 18856 18861 
18862 18869 18869 18877 18883 18883 18884 18890 18897 18902 
18903 18904 18905 18912 18914 18922 18926 18931 18936 18941 
18950 18958 18961 18965 18972 18979 18981 18981 18985 18989 
18994 18999 19000 19006 19010 19010 19018 19023 19031 19038 
19040 19049 19050 19055 19063 19066 19069 19071 19079 19080 
19087 19096 19097 19099 19103 19111 19120 19126 19127 19130 
19132 19140 19141 19146 19152 19157 19162 19166 19168 19173 
19177 19183 19187 19192 19193 19196 19196 19203 19210 19210 
19210 19217 19217 19218 19219 19225 19226 19227 19231 19235 
19241 19247 19250 19257 19258 19267 19271 19280 19286 19294 
19298 19298 19302 19303 19310 19318 19322 19331 19336 19339 
19348 19355 19355 19356 19364 19366 19375 19376 19381 19384 
19390 19393 19394 19403 19404 19407 19415 19422 19424 19428 
19434 19442 19448 19450 19459 19462 19462 19467 19471 19478 
19487 19491 19495 19504 19511 19515 19518 19525 19531 19539 
19541 19543 19545 19549 19550 19555 19562 19563 19565 19566 
19574 19574 19575 19579 19582 19583 19583 19586 19594 19598 
19601 19608 19608 19615 19624 19632 19634 19636 19643 19651 
19652 19661 19663 19668 19671 19676 19676 19678 19684 19688 
19693 19697 19702 19711 19712 19712 19714 19715 19720 19720 
19727 19735 19743 19751 19757 19766 19774 19774 19775 19782 
19782 19786 19792 19794 19803 19805 19814 19823 19829 19836 
19842 19846 19848 19849 19852 19857 19860 19865 19873 19881 
19888 19893 19900 19905 19910 19915 19921 19926 19931 19939 
19941 19948 19952 19953 19954 19958 19963 19963 19968 19969 
19976 19977 19984 19985 19989 19989 19995 20002 20009 20015 
20021 20026 20028 20033 20035 20044 20044 20053 20058 20065 
20074 20081 20087 20092 20100 20107 20116 20119 20128 20135 
20142 20148 20148 20152 20152 20157 20164 20172 20176 20182 
20187 20189 20192 20201 20210 20216 20224 20225 20232 20235 
20243 20251 20252 20258 20261 20262 20265 20270 20277 20281 
20283 20287 20290 20294 20294 20297 20298 20307 20308 20314 
20320 20328 20328 20329 20336 20336 20343 20351 20352 20358 
20359 20361 20365 20369 20369 20369 20377 20383 20388 20393 
20393 20402 20403 20406 20409 20410 20418 20425 20428 20430 
20435 20436 20436 20441 20443 20443 20450 20452 20460 20461 
20469 20470 20475 20480 20488 20493 20498 20504 20505 20507 
20508 20512 20513 20515 20522 20528 20533 20541 20544 20552 
20552 20552 20561 20561 20567 20569 20571 20576 20580 20580 
20588 20592 20596 20599 20608 20610 20611 20617 20625 20627 
20635 20636 20644 20645 20648 20656 20656 20664 20670 20675 
20684 20690 20696 20704 20712 20716 20718 20719 20720 20728 
20731 20731 20734 20741 20744 20748 20757 20761 20762 20771 
20780 20781 20781 20788 20793 20798 20805 20812 20816 20819 
20823 20828 20837 20837 20840 20848 20854 20860 20869 20877 
20883 20885 20893 20902 20904 20907 20913 20916 20924 20933 
20936 20945 20945 20950 20958 20965 20966 20972 20976 20983 
20984 20993 20995 20996 20997 21002 21003 21011 21014 21014 
21022 21022 21026 21032 21033 21041 21042 21051 21053 21054 
21062 21069 21069 21070 21072 21073 21081 21084 21093 21098 
21098 21098 21104 21106 21107 21116 21116 21120 21129 21134 
21138 21145 21152 21153 21158 21159 21168 21175 21175 21178 
21186 21195 21195 21196 21196 21199 21203 21203 21209 21212 
21219 21228 21231 21234 21237 21244 21249 21252 21253 21257 
21266 21274 21276 21282 21283 21292 21301 21303 21311 21311 
21317 21324 21333 21341 21341 21342 21343 21347 21350 21350 
21357 21358 21367 21369 21375 21377 21378 21379 21387 21392 
21398 21405 21408 21408 21413 21419 21420 21427 21435 21435 
21442 21448 21455 21463 21468 21477 21486 21492 21497 21501 
21509 21511 21518 21525 21531 21535 21537 21537 21544 21544 
21549 21554 21563 21563 21568 21574 21580 21587 21590 21594 
21603 21603 21606 21614 21614 21622 21629 21630 21636 21638 
21644 21649 21655 21658 21662 21666 21675 21681 21685 21692 
21700 21709 21711 21720 21729 21729 21735 21742 21751 21752 
21756 21764 21766 21773 21779 21783 21788 21791 21797 21800 
21807 21809 21817 21820 21825 21830 21839 21846 21847 21851 
21855 21857 21862 21870 21871 21876 21884 21893 21897 21906 
21907 21915 21922 21927 21932 21937 21946 21948 21948 21953 
21959 21966 21973 21979 21981 21986 21987 21989 21991 21996 
22004 22012 22021 22024 22030 22030 22030 22037 22037 22042 
22048 22049 22052 22058 22066 22067 22068 22075 22078 22080 
22083 22084 22085 22087 22087 22093 22102 22103 22111 22114 
22122 22128 22131 22138 22139 22139 22139 22141 22150 22152 
22159 22164 22169 22169 22172 22175 22176 22181 22181 22188 
22197 22202 22210 22212 22212 22220 22228 22229 22231 22239 
22244 22246 22250 22258 22260 22268 22268 22272 22272 22281 
22287 22294 22301 22302 22311 22311 22317 22320 22327 22335 
22335 22341 22345 22345 22346 22352 22353 22362 22369 22374 
22382 22386 22395 22399 22404 22405 22407 22412 22417 22419 
22426 22429 22430 22434 22438 22441 22445 22447 22453 22457 
22458 22466 22468 22475 22475 22478 22481 22484 22487 22489 
22497 22500 22507 22515 22524 22526 22527 22529 22538 22547 
22553 22559 22561 22561 22561 22570 22573 22580 22581 22590 
22591 22593 22602 22607 22616 22625 22634 22636 22639 22643 
22648 22651 22658 22662 22663 22671 22677 22682 22682 22689 
22693 22702 22706 22712 22721 22725 22730 22732 22735 22744 
22747 22753 22754 22756 22758 22759 22762 22765 22770 22776 
22783 22785 22787 22793 22799 22804 22808 22812 22812 22819 
22821 22827 22833 22841 22844 22851 22855 22855 22864 22872 
22881 22885 22891 22894 22900 22908 22912 22913 22916 22917 
22917 22917 22921 22923 22931 22933 22940 22945 22954 22954 
22956 22959 22965 22965 22966 22967 22974 22979 22981 22989 
22994 22997 22999 23001 23009 23009 23011 23013 23016 23022 
23028 23031 23037 23039 23044 23051 23057 23062 23064 23069 
23074 23080 23080 23081 23087 23088 23091 23096 23105 23112 
23115 23119 23121 23128 23134 23135 23144 23153 23158 23160 
23167 23168 23174 23177 23182 23185 23187 23189 23197 23201 
23208 23213 23213 23221 23230 23238 23239 23243 23246 23246 
23249 23257 23262 23267 23274 23277 23285 23293 23295 23301 
23302 23311 23320 23329 23334 23339 23343 23352 23359 23364 
23368 23374 23374 23380 23386 23387 23392 23400 23405 23405 
23405 23413 23414 23419 23425 23433 23442 23448 23455 23458 
23460 23460 23465 23467 23476 23478 23485 23490 23491 23497 
23497 23504 23508 23511 23517 23518 23522 23525 23526 23526 
23529 23530 23530 23536 23543 23549 23554 23562 23565 23569 
23572 23577 23581 23581 23590 23595 23597 23605 23607 23613 
23617 23620 23623 23632 23638 23639 23641 23641 23645 23648 
23650 23650 23654 23657 23663 23666 23667 23670 23671 23675 
23684 23691 23693 23696 23703 23704 23704 23704 23704 23707 
23715 23721 23729 23732 23739 23745 23750 23759 23767 23776 
23778 23779 23780 23789 23795 23803 23805 23812 23815 23821 
23823 23826 23829 23835 23843 23843 23850 23851 23853 23862 
23866 23866 23872 23876 23880 23885 23885 23894 23899 23907 
23907 23916 23917 23921 23929 23936 23940 23941 23948 23955 
23964 23973 23973 23975 23980 23981 23983 23987 23989 23996 
24000 24008 24015 24017 24019 24022 24029 24033 24037 24041 
24045 24052 24058 24064 24065 24069 24074 24079 24086 24088 
24090 24096 24099 24104 24112 24112 24118 24121 24126 24126 
24126 24127 24135 24144 24149 24151 24154 24158 24164 24171 
24180 24180 24184 24191 24199 24206 24207 24211 24213 24214 
24222 24229 24238 24240 24244 24244 24248 24250 24253 24262 
24264 24269 24271 24271 24277 24286 24290 24299 24303 24303 
24312 24317 24319 24324 24326 24327 24330 24333 24340 24347 
24353 24358 24362 24368 24377 24385 24391 24395 24395 24396 
24401 24403 24411 24419 24423 24427 24434 24434 24440 24443 
24445 24450 24458 24463 24465 24465 24473 24478 24484 24491 
24496 24500 24502 24511 24511 24515 24523 24531 24539 24539 
24540 24545 24550 24559 24564 24565 24571 24576 24578 24580 
24588 24592 24601 24610 24611 24612 24621 24622 24631 24638 
24646 24650 24652 24655 24660 24664 24671 24676 24681 24688 
24694 24700 24702 24705 24711 24711 24715 24719 24724 24730 
24736 24739 24742 24749 24751 24757 24757 24761 24769 24770 
24773 24779 24784 24789 24790 24793 24795 24803 24811 24818 
24825 24831 24834 24836 24845 24846 24848 24852 24857 24864 
24866 24869 24871 24878 24880 24887 24891 24894 24895 24897 
24901 24905 24905 24907 24909 24911 24916 24920 24922 24927 
24930 24932 24934 24940 24944 24945 24945 24951 24956 24963 
24968 24976 24977 24986 24993 24996 25002 25003 25011 25020 
25025 25028 25034 25040 25045 25053 25053 25055 25059 25061 
25068 25075 25081 25090 25095 25095 25096 25103 25111 25119 
25124 25129 25137 25145 25150 25156 25159 25160 25167 25169 
25170 25173 25178 25185 25186 25188 25195 25196 25202 25205 
25210 25213 25215 25217 25222 25229 25233 25241 25246 25249 
25255 25255 25255 25262 25262 25267 25270 25273 25280 25282 
25287 25287 25294 25296 25305 25313 25317 25325 25326 25326 
25327 25336 25342 25345 25348 25351 25353 25360 25363 25372 
25374 25375 25376 25379 25387 25388 25396 25399 25404 25411 
25417 25417 25426 25429 25432 25432 25436 25445 25445 25452 
25454 25455 25461 25461 25467 25476 25479 25480 25489 25495 
25495 25498 25505 25507 25513 25521 25524 25531 25532 25532 
25538 25545 25546 25554 25557 25563 25571 25580 25585 25594 
25600 25609 25611 25614 25623 25624 25628 25632 25634 25639 
25641 25643 25652 25654 25660 25667 25667 25669 25673 25674 
25676 25679 25680 25685 25686 25692 25693 25702 25707 25716 
25716 25717 25725 25728 25734 25734 25740 25743 25747 25755 
25755 25762 25764 25765 25774 25783 25792 25793 25794 25799 
25803 25806 25814 25821 25830 25831 25834 25836 25837 25837 
25838 25841 25843 25845 25853 25853 25855 25859 25864 25870 
25872 25880 25885 25890 25899 25905 25911 25911 25918 25925 
25931 25933 25935 25941 25950 25953 25961 25966 25972 25973 
25978 25987 25993 26002 26003 26008 26010 26013 26022 26029 
26029 26033 26040 26047 26056 26063 26067 26074 26081 26082 
26086 26091 26096 26104 26108 26113 26115 26117 26119 26127 
26132 26139 26146 26147 26156 26165 26173 26174 26178 26186 
26186 26192 26196 26204 26208 26211 26218 26226 26228 26232 
26233 26239 26241 26248 26252 26258 26262 26270 26270 26276 
26282 26287 26292 26298 26306 26310 26317 26324 26331 26334 
26341 26349 26349 26350 26358 26362 26368 26373 26377 26385 
26386 26391 26397 26400 26404 26404 26405 26413 26422 26423 
26429 26436 26442 26446 26451 26458 26466 26470 26474 26480 
26488 26491 26497 26505 26509 26513 26517 26517 26518 26518 
26526 26528 26535 26541 26549 26551 26557 26566 26568 26575 
26576 26577 26584 26593 26598 26602 26608 26613 26622 26624 
26627 26634 26639 26648 26655 26656 26661 26662 26663 26671 
26674 26675 26678 26678 26685 26686 26690 26696 26698 26705 
26710 26715 26723 26727 26732 26737 26746 26749 26749 26757 
26765 26769 26776 26781 26786 26790 26797 26800 26807 26815 
26816 26816 26818 26822 26822 26823 26830 26835 26842 26842 
26846 26851 26856 26860 26869 26871 26880 26888 26896 26905 
26913 26919 26924 26929 26930 26931 26940 26940 26944 26952 
26953 26960 26968 26971 26973 26982 26988 26997 27003 27007 
27008 27008 27009 27018 27022 27022 27023 27028 27029 27030 
27036 27045 27052 27054 27059 27060 27065 27071 27072 27081 
27088 27092 27098 27103 27110 27110 27116 27120 27122 27124 
27124 27127 27131 27132 27134 27134 27137 27143 27148 27152 
27159 27161 27165 27172 27178 27179 27187 27188 27197 27198 
27200 27206 27212 27212 27214 27219 27220 27228 27229 27232 
27235 27238 27246 27253 27257 27258 27266 27274 27283 27286 
27288 27294 27301 27309 27312 27315 27324 27327 27331 27332 
27337 27343 27350 27353 27360 27361 27369 27369 27369 27371 
27376 27379 27384 27387 27389 27391 27395 27395 27395 27398 
27404 27408 27410 27413 27418 27423 27430 27436 27445 27448 
27455 27461 27461 27468 27469 27478 27486 27487 27488 27488 
27491 27497 27502 27511 27520 27528 27529 27535 27543 27546 
27555 27559 27568 27571 27579 27585 27586 27593 27596 27598 
27598 27598 27606 27608 27615 27616 27619 27627 27629 27633 
27641 27647 27647 27651 27658 27658 27660 27660 27666 27668 
27673 27680 27689 27695 27696 27705 27708 27710 27716 27722 
27726 27734 27742 27746 27747 27755 27760 27764 27770 27779 
27788 27794 27801 27810 27810 27814 27815 27819 27825 27832 
27839 27840 27847 27855 27863 27863 27870 27873 27875 27880 
27889 27897 27900 27907 27911 27917 27924 27925 27926 27931 
27931 27933 27935 27943 27946 27948 27952 27957 27964 27965 
27969 27975 27979 27982 27988 27992 27995 27998 28005 28010 
28018 28026 28031 28034 28040 28041 28041 28046 28048 28051 
28052 28055 28062 28065 28068 28068 28075 28082 28089 28095 
28095 28099 28101 28108 28115 28123 28124 28125 28128 28129 
28137 28140 28149 28155 28162 28169 28176 28185 28188 28188 
28192 28196 28201 28202 28211 28219 28222 28228 28235 28238 
28241 28249 28256 28263 28268 28274 28282 28290 28297 28300 
28309 28317 28324 28325 28329 28335 28343 28344 28351 28352 
28355 28356 28363 28371 28375 28383 28391 28398 28403 28409 
28409 28409 28415 28424 28433 28436 28442 28449 28450 28455 
28456 28459 28462 28470 28474 28481 28487 28489 28490 28493 
28499 28503 28507 28512 28517 28525 28529 28532 28539 28540 
28549 28557 28560 28565 28574 28576 28576 28581 28581 28583 
28584 28587 28594 28598 28601 28602 28606 28615 28620 28625 
28627 28630 28631 28639 28648 28654 28662 28667 28667 28672 
28680 28681 28686 28687 28696 28701 28704 28713 28715 28720 
28723 28726 28734 28734 28734 28735 28736 28742 28744 28753 
28754 28760 28762 28764 28770 28773 28774 28778 28778 28779 
28781 28789 28793 28800 28809 28812 28816 28821 28824 28831 
28831 28837 28839 28840 28847 28851 28855 28855 28855 28862 
28863 28866 28871 28875 28883 28885 28894 28903 28911 28911 
28913 28913 28921 28927 28935 28935 28935 28939 28944 28949 
28950 28957 28960 28966 28974 28976 28976 28979 28984 28987 
28989 28995 29001 29008 29010 29014 29015 29017 29022 29022 
29026 29033 29033 29037 29043 29043 29047 29055 29060 29069 
29074 29082 29091 29099 29105 29112 29113 29120 29120 29128 
29130 29134 29138 29146 29150 29159 29164 29169 29172 29174 
29181 29188 29188 29196 29197 29205 29205 29213 29219 29226 
29235 29236 29242 29250 29251 29253 29259 29263 29264 29272 
29274 29277 29282 29291 29295 29304 29312 29313 29317 29318 
29321 29323 29323 29328 29330 29333 29336 29338 29339 29340 
29342 29343 29345 29353 29362 29366 29368 29375 29375 29381 
29389 29392 29393 29396 29398 29405 29407 29407 29415 29423 
29426 29428 29430 29433 29442 29446 29452 29455 29464 29464 
29468 29469 29470 29479 29480 29482 29487 29492 29494 29499 
29502 29502 29510 29515 29518 29520 29524 29531 29535 29538 
29543 29550 29557 29565 29565 29571 29573 29582 29583 29586 
29595 29603 29609 29611 29618 29625 29631 29635 29638 29646 
29655 29663 29663 29663 29668 29671 29675 29675 29675 29684 
29689 29697 29703 29707 29713 29722 29724 29724 29724 29728 
29734 29743 29747 29749 29752 29755 29755 29764 29771 29776 
29776 29784 29787 29787 29787 29796 29802 29807 29808 29816 
29820 29826 29832 29834 29834 29838 29839 29843 29848 29849 
29857 29860 29862 29866 29871 29878 29885 29890 29899 29903 
29905 29914 29917 29925 29926 29931 29938 29945 29945 29945 
29953 29959 29965 29969 29978 29986 29995 29997 29999 30005 
30011 30014 30023 30023 30030 30036 30044 30049 30053 30060 
30061 30067 30075 30081 30085 30086 30088 30091 30100 30104 
30107 30114 30115 30116 30119 30121 30122 30126 30130 30136 
30138 30138 30139 30142 30143 30151 30151 30152 30157 30161 
30161 30170 30172 30172 30179 30186 30187 30196 30198 30200 
30206 30214 30215 30222 30223 30228 30229 30232 30233 30238 
30239 30243 30251 30253 30260 30261 30263 30272 30274 30282 
30287 30291 30300 30308 30312 30318 30323 30328 30336 30345 
30353 30357 30364 30373 30376 30377 30383 30387 30391 30399 
30400 30405 30409 30418 30427 30430 30432 30433 30438 30442 
30451 30451 30451 30451 30459 30463 30470 30475 30477 30482 
30487 30487 30488 30492 30493 30497 30502 30502 30502 30503 
30503 30504 30512 30516 30519 30526 30535 30540 30549 30553 
30553 30553 30558 30558 30559 30562 30569 30569 30570 30579 
30584 30590 30591 30599 30601 30603 30605 30613 30617 30619 
30620 30624 30627 30627 30627 30635 30642 30644 30648 30654 
30660 30664 30673 30676 30682 30682 30691 30696 30696 30696 
30700 30707 30715 30720 30725 30725 30725 30734 30734 30738 
30741 30743 30744 30750 30752 30755 30762 30763 30768 30769 
30777 30781 30786 30795 30802 30805 30814 30820 30829 30830 
30836 30841 30841 30845 30846 30853 30860 30861 30867 30874 
30881 30890 30899 30899 30906 30907 30911 30915 30918 30927 
30932 30935 30938 30940 30942 30945 30953 30956 30965 30974 
30980 30988 30992 31000 31002 31007 31012 31021 31029 31032 
31039 31047 31049 31057 31065 31066 31068 31070 31078 31085 
31089 31092 31092 31101 31109 31113 31115 31121 31130 31132 
31137 31144 31144 31145 31150 31154 31161 31161 31167 31174 
31179 31184 31189 31196 31199 31205 31205 31210 31210 31218 
31220 31224 31228 31232 31236 31238 31238 31246 31246 31247 
31247 31254 31262 31264 31272 31277 31286 31293 31298 31303 
31310 31310 31312 31314 31323 31328 31328 31328 31331 31332 
31332 31339 31346 31350 31354 31357 31363 31369 31371 31379 
31387 31391 31396 31402 31409 31413 31417 31425 31428 31429 
31432 31432 31434 31439 31444 31447 31449 31454 31459 31466 
31474 31480 31485 31493 31495 31496 31497 31498 31505 31510 
31519 31524 31524 31529 31533 31542 31543 31551 31558 31562 
31571 31573 31578 31581 31588 31590 31599 31600 31607 31613 
31622 31630 31634 31640 31646 31653 31662 31669 31677 31683 
31686 31693 31697 31702 31706 31706 31710 31715 31723 31726 
31728 31737 31742 31751 31756 31760 31761 31767 31774 31774 
31776 31782 31790 31797 31801 31805 31809 31812 31816 31820 
31822 31831 31834 31840 31844 31852 31858 31858 31863 31869 
31872 31879 31886 31886 31892 31894 31900 31907 31915 31918 
31926 31929 31931 31939 31939 31947 31950 31956 31958 31965 
31967 31971 31979 31984 31986 31988 31991 31999 32003 32012 
32016 32025 32031 32032 32041 32046 32052 32059 32063 32069 
32069 32071 32080 32084 32085 32094 32097 32103 32110 32117 
32122 32131 32132 32135 32140 32143 32150 32150 32153 32154 
32155 32164 32164 32172 32174 32175 32180 32188 32196 32205 
32212 32212 32216 32222 32229 32236 32244 32244 32247 32254 
32261 32269 32276 32276 32279 32283 32288 32288 32294 32294 
32295 32303 32312 32315 32323 32324 32328 32331 32333 32337 
32341 32350 32354 32362 32369 32370 32375 32380 32383 32383 
32386 32388 32388 32390 32392 32395 32403 32412 32415 32419 
32428 32434 32436 32444 32453 32453 32455 32460 32465 32471 
32480 32480 32487 32493 32493 32497 32506 32512 32514 32517 
32523 32528 32533 32540 32549 32549 32551 32558 32559 32565 
32568 32569 32573 32579 32580 32584 32592 32597 32606 32612 
32613 32614 32620 32620 32627 32635 32640 32646 32650 32657 
32658 32661 32665 32672 32674 32677 32686 32690 32692 32692 
32694 32699 32702 32709 32712 32719 32722 32724 32726 32730 
32730 32736 32741 32749 32755 32757 32763 32766 32767 32768 
32768 32770 32776 32780 32781 32789 32798 32798 32800 32803 
32806 32811 32820 32828 32830 32832 32837 32844 32850 32850 
32851 32857 32863 32870 32874 32878 32879 32882 32890 32892 
32896 32896 32901 32901 32908 32914 32922 32928 32937 32939 
32939 32941 32948 32949 32949 32950 32955 32963 32971 32973 
32981 32981 32981 32987 32996 33003 33003 33003 33003 33003 
33008 33014 33015 33015 33023 33031 33039 33047 33053 33060 
33060 33068 33069 33077 33086 33090 33091 33098 33100 33100 
33109 33111 33111 33112 33120 33129 33129 33129 33130 33130 
33131 33137 33145 33149 33155 33161 33163 33170 33176 33176 
33182 33189 33198 33206 33213 33213 33217 33225 33232 33240 
33248 33256 33256 33256 33258 33258 33259 33261 33263 33266 
33271 33276 33285 33288 33297 33305 33307 33310 33315 33323 
33327 33328 33335 33340 33341 33347 33352 33359 33364 33369 
33374 33379 33384 33391 33399 33406 33415 33424 33424 33426 
33428 33435 33442 33444 33444 33453 33455 33459 33461 33468 
33473 33479 33479 33483 33486 33490 33491 33492 33493 33501 
33507 33516 33521 33522 33530 33533 33542 33550 33553 33554 
33556 33561 33569 33570 33579 33579 33579 33580 33587 33590 
33590 33592 33593 33596 33602 33607 33614 33623 33631 33631 
33638 33642 33651 33654 33661 33661 33667 33675 33675 33676 
33677 33679 33688 33697 33702 33710 33712 33718 33720 33729 
33730 33734 33737 33739 33746 33747 33756 33760 33761 33768 
33773 33781 33784 33790 33793 33796 33802 33802 33803 33809 
33810 33813 33813 33815 33819 33825 33826 33832 33836 33841 
33848 33853 33862 33862 33869 33878 33880 33889 33892 33897 
33905 33905 33908 33912 33921 33930 33937 33942 33951 33959 
33963 33965 33968 33974 33979 33987 33989 33997 34003 34011 
34016 34022 34025 34031 34039 34042 34047 34047 34049 34058 
34065 34067 34068 34069 34075 34075 34075 34078 34086 34087 
34089 34093 34098 34105 34105 34107 34114 34119 34121 34125 
34128 34135 34137 34144 34150 34150 34152 34153 34156 34160 
34162 34162 34168 34172 34175 34180 34186 34191 34199 34205 
34213 34215 34215 34221 34221 34224 34232 34239 34247 34250 
34253 34256 34258 34263 34265 34273 34281 34285 34285 34286 
34286 34288 34291 34300 34308 34315 34319 34326 34330 34332 
34335 34338 34343 34349 34358 34363 34372 34381 34385 34394 
34396 34404 34406 34413 34418 34425 34430 34435 34436 34443 
34451 34453 34455 34457 34460 34460 34461 34468 34475 34480 
34489 34492 34500 34506 34515 34524 34525 34533 34542 34550 
34557 34560 34568 34569 34569 34574 34582 34590 34591 34593 
34598 34607 34613 34620 34621 34630 34630 34632 34638 34647 
34647 34654 34656 34664 34668 34671 34671 34678 34681 34690 
34695 34697 34701 34704 34708 34713 34722 34726 34731 34733 
34739 34741 34742 34746 34748 34753 34756 34758 34767 34768 
34771 34780 34789 34797 34797 34800 34801 34801 34801 34806 
34807 34815 34822 34827 34828 34831 34833 34835 34843 34850 
34854 34860 34860 34868 34871 34875 34878 34884 34890 34892 
34892 34901 34903 34912 34921 34923 34927 34928 34932 34938 
34946 34951 34955 34960 34960 34968 34969 34974 34974 34975 
34977 34984 34991 34995 35000 35000 35008 35016 35025 35031 
35033 35034 35042 35046 35046 35053 35061 35067 35067 35069 
35071 35079 35088 35095 35101 35101 35108 35115 35120 35127 
35135 35144 35150 35157 35163 35166 35166 35172 35173 35174 
35177 35183 35185 35188 35188 35192 35192 35193 35193 35196 
35201 35205 35206 35211 35214 35221 35226 35226 35232 35234 
35234 35240 35243 35249 35253 35262 35262 35266 35274 35277 
35284 35287 35296 35305 35311 35313 35318 35326 35329 35336 
35337 35345 35346 35351 35356 35363 35365 35365 35372 35373 
35377 35384 35391 35391 
