145 149 157 158 163 169 173 177 186 186 
188 196 202 209 218 226 234 235 235 244 
247 252 259 268 271 280 282 287 287 290 
293 296 305 306 313 317 326 327 336 344 
347 348 356 365 365 372 381 390 390 390 
398 402 407 414 417 417 425 433 438 446 
447 455 459 462 463 464 471 471 475 483 
491 498 500 508 516 518 525 533 534 542 
550 552 556 561 570 577 584 592 597 599 
607 616 619 623 625 629 634 635 640 649 
649 654 662 664 670 677 681 684 689 697 
700 705 707 714 716 717 724 733 734 736 
739 741 744 750 756 763 766 770 771 771 
774 775 782 784 789 792 793 794 803 809 
818 820 823 824 824 831 836 845 851 859 
860 869 871 878 886 887 893 896 901 908 
911 911 911 913 915 920 926 929 936 943 
944 952 953 959 959 960 963 970 970 971 
978 982 985 985 988 991 994 995 1001 1009 
1018 1027 1027 1036 1039 1042 1047 1056 1064 1068 
1076 1078 1080 1080 1080 1082 1085 1089 1090 1096 
1103 1112 1114 1114 1115 1120 1123 1129 1135 1144 
1150 1157 1157 1163 1170 1174 1183 1187 1192 1192 
1200 1206 1210 1210 1216 1220 1225 1234 1242 1250 
1257 1265 1274 1283 1291 1293 1297 1299 1307 1310 
1313 1317 1319 1325 1326 1327 1329 1331 1338 1345 
1349 1354 1357 1365 1373 1374 1377 1382 1385 1388 
1393 1393 1394 1399 1399 1399 1408 1414 1418 1426 
1427 1436 1440 1444 1449 1454 1459 1466 1466 1469 
1476 1482 1482 1484 1489 1489 1493 1501 1508 1517 
1520 1523 1532 1537 1545 1554 1561 1568 1574 1575 
1582 1589 1591 1593 1596 1596 1605 1614 1621 1622 
1626 1632 1640 1646 1655 1658 1665 1670 1673 1677 
1681 1687 1694 1699 1702 1709 1714 1714 1721 1724 
1727 1731 1733 1739 1747 1753 1759 1759 1766 1771 
1772 1775 1779 1788 1797 1802 1806 1814 1814 1823 
1826 1832 1840 1842 1845 1846 1848 1856 1858 1867 
1870 1877 1882 1888 1891 1897 1901 1902 1908 1909 
1918 1927 1933 1936 1945 1950 1958 1963 1967 1967 
1972 1981 1989 1992 1995 1996 2002 2007 2009 2017 
2023 2028 2034 2038 2041 2042 2044 2051 2056 2064 
2064 2068 2075 2081 2090 2098 2102 2109 2115 2115 
2124 2125 2126 2133 2139 2143 2143 2145 2147 2149 
2152 2152 2152 2153 2157 2160 2164 2172 2173 2182 
2190 2191 2196 2204 2204 2210 2216 2220 2225 2229 
2233 2237 2242 2247 2250 2253 2254 2260 2266 2269 
2277 2286 2290 2298 2300 2300 2304 2310 2319 2324 
2332 2341 2349 2354 2361 2369 2371 2377 2379 2386 
2386 2394 2398 2406 2411 2418 2419 2426 2429 2438 
2438 2442 2442 2448 2452 2454 2463 2471 2480 2480 
2485 2494 2503 2507 2511 2518 2520 2526 2531 2538 
2542 2547 2552 2552 2555 2556 2563 2568 2568 2571 
2577 2577 2586 2593 2602 2607 2616 2624 2628 2628 
2628 2629 2638 2647 2652 2656 2664 2664 2666 2669 
2676 2684 2693 2697 2705 2709 2716 2724 2725 2732 
2735 2743 2743 2745 2750 2751 2760 2766 2767 2770 
2779 2780 2787 2795 2797 2799 2803 2804 2808 2815 
2821 2824 2829 2836 2844 2848 2850 2857 2859 2864 
2871 2878 2883 2892 2901 2901 2903 2911 2920 2923 
2927 2935 2941 2942 2950 2958 2963 2966 2967 2967 
2969 2969 2972 2981 2988 2991 2994 2995 2998 3005 
3014 3016 3022 3026 3029 3034 3041 3046 3052 3058 
3058 3060 3066 3072 3077 3081 3087 3087 3096 3096 
3098 3099 3099 3107 3108 3117 3120 3126 3127 3135 
3141 3141 3141 3143 3149 3152 3152 3155 3155 3161 
3162 3162 3162 3169 3177 3182 3184 3189 3196 3199 
3204 3206 3211 3218 3220 3228 3234 3239 3243 3252 
3258 3260 3261 3267 3274 3282 3284 3291 3292 3296 
3301 3304 3309 3314 3316 3319 3321 3325 3325 3326 
3334 3341 3344 3349 3353 3358 3361 3364 3367 3376 
3378 3387 3391 3397 3404 3405 3409 3418 3418 3425 
3429 3434 3436 3437 3439 3444 3450 3456 3457 3464 
3471 3472 3478 3481 3489 3490 3490 3493 3499 3502 
3507 3507 3509 3518 3524 3526 3528 3530 3531 3533 
3535 3542 3551 3555 3555 3558 3559 3566 3575 3580 
3586 3594 3602 3604 3605 3612 3617 3619 3619 3620 
3627 3632 3636 3638 3644 3644 3648 3648 3653 3660 
3662 3671 3678 3681 3686 3693 3699 3706 3712 3719 
3723 3725 3733 3735 3740 3741 3750 3750 3753 3753 
3757 3760 3767 3775 3780 3786 3786 3787 3793 3800 
3808 3809 3815 3820 3824 3826 3831 3834 3835 3836 
3838 3843 3847 3847 3854 3855 3857 3864 3865 3872 
3881 3888 3888 3896 3903 3910 3914 3922 3930 3933 
3940 3947 3951 3955 3959 3959 3965 3974 3977 3984 
3987 3993 3995 4002 4010 4011 4019 4019 4027 4028 
4028 4037 4046 4048 4048 4054 4054 4058 4064 4064 
4073 4077 4086 4089 4097 4101 4105 4111 4116 4125 
4130 4138 4143 4152 4159 4163 4163 4168 4174 4175 
4184 4192 4194 4194 4195 4197 4203 4206 4215 4220 
4223 4231 4240 4243 4247 4256 4265 4273 4278 4284 
4291 4293 4298 4303 4304 4308 4309 4312 4314 4323 
4327 4328 4336 4345 4346 4355 4356 4365 4367 4367 
4371 4378 4379 4384 4384 4389 4393 4402 4407 4408 
4416 4420 4423 4426 4427 4431 4440 4444 4444 4445 
4449 4453 4457 4459 4464 4469 4472 4479 4486 4493 
4502 4503 4507 4507 4514 4521 4528 4531 4539 4543 
4548 4554 4563 4571 4572 4574 4579 4580 4587 4592 
4594 4595 4596 4603 4608 4615 4619 4619 4625 4626 
4633 4638 4643 4646 4654 4658 4658 4665 4672 4681 
4683 4685 4690 4693 4694 4701 4706 4714 4722 4726 
4731 4733 4738 4746 4747 4749 4754 4762 4764 4767 
4768 4769 4770 4776 4781 4790 4790 4797 4805 4813 
4821 4823 4825 4829 4834 4839 4842 4845 4848 4851 
4858 4858 4865 4870 4879 4888 4895 4901 4908 4910 
4910 4910 4913 4914 4921 4921 4923 4932 4932 4932 
4941 4949 4952 4954 4956 4956 4963 4970 4975 4978 
4978 4981 4984 4992 4992 4994 5003 5012 5021 5029 
5030 5031 5039 5046 5048 5055 5062 5066 5073 5080 
5086 5092 5098 5107 5107 5107 5109 5109 5117 5124 
5127 5127 5129 5137 5145 5149 5152 5161 5165 5169 
5176 5181 5186 5192 5194 5201 5204 5206 5209 5211 
5212 5221 5222 5231 5232 5233 5235 5238 5241 5241 
5243 5251 5253 5260 5267 5268 5269 5271 5271 5276 
5282 5282 5285 5286 5292 5297 5297 5298 5307 5310 
5314 5317 5321 5326 5328 5333 5341 5345 5345 5347 
5353 5356 5356 5365 5365 5374 5376 5379 5380 5384 
5393 5400 5404 5406 5414 5416 5425 5425 5429 5430 
5433 5433 5437 5437 5442 5450 5455 5458 5461 5469 
5476 5477 5478 5486 5488 5491 5500 5506 5512 5513 
5514 5521 5529 5536 5545 5554 5554 5555 5556 5562 
5564 5569 5575 5581 5588 5591 5595 5597 5605 5614 
5614 5620 5623 5626 5632 5637 5645 5650 5652 5659 
5667 5672 5676 5685 5687 5693 5701 5705 5712 5721 
5723 5732 5738 5746 5753 5756 5757 5758 5766 5766 
5767 5767 5775 5779 5785 5791 5792 5798 5799 5802 
5807 5809 5809 5809 5810 5815 5823 5824 5833 5840 
5842 5844 5850 5859 5861 5864 5868 5874 5880 5884 
5892 5901 5908 5914 5919 5924 5926 5933 5934 5939 
5941 5948 5955 5958 5967 5967 5975 5982 5983 5992 
5998 6002 6005 6007 6012 6018 6025 6026 6028 6033 
6041 6041 6046 6051 6059 6059 6059 6059 6068 6069 
6076 6080 6080 6087 6096 6105 6114 6123 6131 6132 
6140 6144 6149 6151 6159 6161 6161 6168 6171 6173 
6178 6179 6183 6183 6191 6193 6195 6195 6199 6203 
6207 6208 6216 6220 6220 6227 6233 6233 6239 6245 
6248 6254 6257 6257 6257 6260 6262 6262 6263 6270 
6274 6282 6283 6291 6299 6308 6308 6310 6310 6314 
6320 6326 6334 6340 6340 6340 6345 6353 6355 6358 
6363 6368 6368 6376 6381 6381 6382 6389 6392 6396 
6401 6408 6410 6418 6424 6426 6433 6441 6446 6455 
6460 6463 6468 6471 6471 6479 6484 6491 6497 6505 
6506 6507 6510 6511 6512 6521 6524 6529 6537 6545 
6554 6559 6565 6569 6572 6576 6582 6585 6589 6592 
6596 6605 6612 6612 6616 6625 6625 6625 6633 6641 
6649 6658 6660 6663 6665 6668 6672 6678 6686 6689 
6695 6695 6695 6699 6703 6707 6707 6707 6716 6721 
6725 6728 6732 6735 6740 6741 6745 6750 6751 6753 
6757 6758 6762 6770 6774 6780 6781 6790 6794 6796 
6800 6801 6803 6807 6812 6818 6818 6824 6832 6841 
6842 6846 6851 6858 6865 6865 6873 6876 6884 6885 
6893 6897 6899 6901 6903 6912 6912 6915 6923 6928 
6933 6937 6943 6952 6960 6961 6966 6967 6976 6980 
6980 6982 6990 6995 6995 7003 7011 7011 7014 7020 
7024 7027 7029 7035 7040 7044 7049 7055 7064 7069 
7072 7079 7088 7097 7103 7103 7105 7107 7108 7110 
7118 7121 7127 7133 7134 7142 7148 7157 7166 7166 
7173 7176 7179 7188 7189 7190 7195 7204 7213 7217 
7223 7227 7228 7236 7239 7239 7247 7254 7256 7257 
7258 7260 7264 7272 7272 7279 7285 7292 7300 7307 
7316 7323 7325 7329 7337 7341 7348 7351 7356 7364 
7372 7373 7375 7376 7377 7382 7383 7392 7397 7402 
7404 7410 7417 7426 7430 7438 7444 7447 7454 7459 
7459 7465 7467 7470 7472 7473 7482 7482 7488 7494 
7502 7508 7517 7518 7518 7519 7527 7530 7530 7533 
7542 7547 7549 7557 7561 7569 7577 7577 7578 7585 
7592 7596 7601 7603 7610 7618 7623 7631 7631 7632 
7636 7644 7644 7647 7648 7648 7652 7654 7657 7664 
7669 7673 7675 7684 7687 7695 7703 7706 7714 7723 
7724 7732 7737 7743 7743 7745 7751 7756 7758 7764 
7772 7780 7787 7795 7797 7805 7805 7813 7815 7819 
7826 7826 7834 7835 7844 7847 7856 7863 7870 7870 
7879 7879 7887 7891 7899 7907 7916 7921 7926 7927 
7928 7933 7933 7933 7939 7943 7952 7958 7962 7965 
7965 7967 7970 7971 7976 7979 7983 7988 7990 7993 
7998 8001 8004 8007 8015 8017 8020 8029 8038 8046 
8048 8048 8053 8057 8060 8061 8061 8065 8073 8078 
8085 8085 8094 8095 8096 8100 8106 8114 8115 8123 
8124 8130 8132 8139 8140 8142 8143 8147 8148 8148 
8152 8155 8157 8159 8159 8164 8167 8167 8176 8179 
8184 8191 8195 8199 8207 8212 8213 8217 8222 8224 
8228 8235 8236 8242 8246 8248 8256 8261 8270 8271 
8278 8283 8290 8299 8306 8313 8318 8321 8328 8334 
8340 8343 8346 8346 8355 8358 8366 8368 8377 8380 
8385 8389 8391 8397 8399 8407 8407 8410 8415 8416 
8420 8422 8429 8432 8434 8440 8440 8449 8458 8466 
8471 8477 8480 8481 8489 8493 8497 8505 8512 8518 
8522 8526 8526 8532 8534 8538 8543 8545 8552 8552 
8558 8562 8565 8568 8575 8582 8583 8591 8597 8598 
8606 8609 8618 8621 8625 8634 8641 8642 8650 8656 
8663 8665 8667 8676 8684 8688 8691 8696 8705 8708 
8714 8719 8726 8727 8727 8731 8731 8732 8736 8744 
8748 8752 8753 8756 8763 8771 8776 8783 8792 8795 
8800 8808 8815 8823 8830 8837 8839 8841 8844 8845 
8850 8851 8859 8863 8865 8873 8874 8876 8876 8881 
8881 8885 8887 8890 8890 8899 8902 8907 8915 8917 
8917 8923 8925 8932 8936 8937 8943 8951 8955 8964 
8966 8967 8969 8969 8975 8981 8990 8999 8999 9000 
9004 9006 9013 9021 9027 9036 9036 9045 9051 9059 
9063 9069 9073 9081 9086 9086 9086 9088 9097 9103 
9106 9109 9118 9124 9127 9132 9134 9138 9142 9145 
9152 9153 9158 9165 9166 9169 9175 9176 9181 9184 
9186 9187 9188 9196 9205 9214 9223 9224 9225 9225 
9232 9238 9241 9248 9252 9260 9264 9271 9276 9277 
9279 9283 9287 9296 9297 9302 9307 9315 9322 9322 
9325 9326 9329 9335 9344 9346 9351 9351 9355 9363 
9363 9366 9371 9376 9378 9387 9393 9400 9408 9411 
9411 9413 9420 9424 9428 9429 9430 9439 9448 9448 
9449 9453 9454 9460 9460 9461 9469 9475 9476 9480 
9486 9490 9498 9499 9508 9510 9513 9520 9529 9532 
9532 9533 9539 9539 9546 9548 9549 9558 9561 9563 
9572 9576 9584 9585 9587 9595 9597 9597 9603 9608 
9615 9620 9629 9636 9642 9643 9652 9653 9661 9662 
9667 9668 9670 9673 9676 9676 9681 9685 9686 9694 
9702 9702 9706 9712 9713 9719 9725 9730 9738 9743 
9744 9749 9749 9751 9753 9761 9764 9768 9768 9772 
9777 9782 9787 9796 9804 9812 9821 9824 9828 9828 
9831 9833 9836 9843 9843 9847 9850 9856 9858 9859 
9860 9865 9874 9877 9884 9885 9887 9888 9893 9895 
9900 9902 9911 9913 9915 9924 9926 9929 9933 9939 
9943 9950 9950 9959 9963 9963 9966 9975 9983 9990 
9992 9992 9994 9995 9998 10000 10005 10012 10017 10019 
10028 10030 10035 10035 10039 10046 10055 10063 10063 10066 
10070 10076 10076 10082 10087 10093 10101 10102 10109 10115 
10115 10115 10121 10126 10127 10129 10136 10142 10151 10153 
10162 10163 10167 10171 10172 10172 10175 10176 10184 10189 
10195 10199 10203 10212 10212 10221 10228 10228 10230 10235 
10241 10246 10251 10256 10256 10264 10273 10280 10285 10293 
10294 10300 10301 10308 10310 10313 10322 10327 10333 10340 
10342 10346 10349 10355 10358 10363 10371 10372 10377 10379 
10385 10386 10393 10396 10402 10409 10410 10417 10423 10431 
10437 10446 10450 10459 10467 10473 10477 10484 10487 10489 
10493 10499 10506 10513 10517 10519 10521 10523 10526 10535 
10542 10543 10544 10548 10554 10563 10567 10575 10582 10582 
10588 10593 10595 10596 10602 10602 10611 10612 10620 10623 
10626 10630 10631 10633 10637 10644 10649 10657 10659 10659 
10667 10676 10678 10679 10682 10690 10690 10699 10707 10716 
10718 10723 10729 10733 10741 10744 10748 10757 10761 10765 
10767 10776 10785 10790 10792 10797 10800 10807 10810 10815 
10822 10825 10829 10830 10834 10843 10845 10852 10853 10853 
10861 10864 10871 10876 10883 10890 10898 10901 10908 10912 
10920 10921 10924 10933 10940 10947 10951 10953 10957 10966 
10973 10977 10980 10983 10990 10999 11003 11012 11018 11023 
11025 11030 11038 11039 11039 11046 11055 11055 11056 11064 
11070 11079 11088 11097 11097 11103 11110 11114 11114 11117 
11122 11131 11140 11148 11150 11159 11167 11176 11184 11190 
11196 11198 11199 11204 11210 11213 11217 11222 11227 11232 
11235 11236 11242 11244 11247 11253 11254 11256 11258 11261 
11266 11274 11277 11284 11292 11297 11303 11309 11315 11321 
11324 11327 11328 11334 11334 11341 11343 11347 11349 11356 
11358 11365 11374 11382 11383 11387 11394 11398 11404 11413 
11421 11422 11431 11432 11432 11440 11448 11454 11458 11463 
11468 11477 11477 11483 11489 11491 11494 11502 11510 11517 
11524 11524 11528 11536 11537 11544 11546 11554 11556 11564 
11571 11573 11575 11582 11585 11587 11592 11595 11596 11597 
11605 11611 11614 11614 11618 11627 11629 11636 11645 11648 
11652 11660 11663 11663 11670 11674 11683 11692 11694 11695 
11703 11705 11708 11710 11711 11719 11723 11731 11733 11740 
11749 11751 11754 11756 11759 11768 11771 11778 11784 11788 
11788 11790 11793 11799 11803 11805 11805 11809 11810 11815 
11822 11823 11832 11833 11836 11836 11837 11837 11845 11848 
11855 11864 11870 11873 11877 11878 11880 11889 11889 11890 
11894 11897 11900 11909 11918 11918 11919 11920 11924 11928 
11934 11935 11941 11946 11950 11951 11958 11964 11965 11970 
11971 11980 11987 11996 11998 11999 11999 12005 12005 12008 
12015 12021 12027 12028 12035 12042 12043 12051 12059 12066 
12069 12076 12084 12085 12089 12094 12096 12098 12099 12103 
12110 12112 12117 12123 12127 12136 12143 12149 12154 12154 
12163 12166 12174 12181 12187 12193 12197 12206 12210 12215 
12221 12230 12232 12238 12240 12246 12247 12254 12262 12266 
12269 12277 12286 12294 12298 12301 12308 12312 12321 12323 
12327 12336 12341 12343 12351 12352 12352 12355 12357 12364 
12364 12372 12378 12382 12387 12388 12388 12396 12404 12405 
12408 12409 12410 12412 12421 12428 12433 12441 12444 12448 
12448 12457 12462 12470 12474 12478 12479 12483 12492 12496 
12497 12506 12510 12518 12521 12530 12531 12536 12536 12545 
12553 12556 12558 12559 12566 12567 12568 12570 12571 12575 
12583 12586 12590 12594 12595 12603 12611 12616 12618 12627 
12636 12640 12648 12651 12655 12658 12663 12668 12668 12675 
12681 12682 12682 12690 12694 12703 12704 12709 12710 12712 
12712 12713 12718 12722 12727 12736 12738 12743 12747 12753 
12757 12762 12762 12766 12774 12780 12789 12794 12797 12799 
12801 12810 12813 12817 12824 12831 12834 12834 12839 12845 
12847 12852 12860 12868 12869 12874 12883 12888 12891 12894 
12895 12902 12910 12914 12918 12926 12926 12929 12935 12941 
12948 12948 12953 12953 12960 12965 12965 12965 12970 12975 
12984 12984 12986 12995 12995 12998 13004 13013 13021 13030 
13032 13033 13040 13042 13047 13050 13050 13058 13066 13072 
13078 13084 13093 13094 13100 13106 13114 13122 13130 13136 
13139 13146 13152 13157 13165 13173 13173 13178 13185 13185 
13189 13190 13192 13195 13198 13207 13213 13218 13225 13230 
13234 13237 13238 13241 13248 13257 13266 13273 13281 13288 
13291 13294 13301 13302 13303 13308 13309 13310 13310 13310 
13312 13317 13318 13322 13330 13336 13341 13348 13352 13357 
13359 13367 13367 13372 13373 13380 13384 13384 13391 13393 
13402 13404 13410 13416 13422 13431 13433 13440 13440 13444 
13452 13456 13457 13458 13458 13460 13460 13466 13475 13479 
13480 13483 13485 13486 13494 13499 13500 13502 13509 13517 
13522 13528 13528 13531 13534 13542 13546 13553 13559 13563 
13564 13570 13571 13574 13581 13582 13587 13594 13601 13607 
13610 13610 13619 13624 13626 13633 13633 13636 13645 13652 
13655 13661 13667 13672 13673 13674 13678 13683 13691 13693 
13695 13696 13704 13707 13711 13718 13724 13725 13732 13738 
13745 13745 13751 13759 13765 13765 13770 13778 13783 13788 
13796 13804 13807 13811 13817 13822 13827 13827 13829 13834 
13836 13840 13846 13848 13855 13858 13867 13873 13877 13883 
13885 13889 13896 13904 13906 13911 13920 13928 13931 13935 
13940 13943 13948 13956 13963 13964 13969 13973 13974 13982 
13991 13996 13998 14006 14013 14015 14016 14022 14030 14037 
14042 14044 14045 14047 14047 14053 14060 14069 14075 14077 
14083 14086 14092 14093 14096 14101 14103 14112 14112 14117 
14126 14127 14127 14130 14131 14140 14147 14149 14154 14161 
14161 14163 14172 14175 14179 14179 14180 14183 14184 14191 
14199 14206 14206 14212 14220 14224 14225 14227 14232 14235 
14242 14246 14253 14262 14269 14277 14285 14290 14291 14297 
14299 14302 14310 14312 14320 14325 14329 14329 14329 14334 
14343 14351 14356 14358 14362 14367 14375 14383 14391 14396 
14397 14404 14413 14421 14428 14436 14443 14448 14453 14453 
14454 14462 14465 14465 14467 14470 14475 14483 14488 14493 
14498 14503 14509 14509 14518 14518 14524 14531 14539 14545 
14547 14549 14552 14555 14555 14555 14556 14565 14571 14580 
14589 14596 14605 14609 14618 14621 14629 14635 14636 14639 
14641 14647 14647 14647 14654 14663 14663 14668 14676 14677 
14678 14680 14683 14689 14696 14701 14708 14709 14714 14719 
14719 14725 14729 14738 14739 14745 14747 14756 14758 14761 
14765 14771 14772 14779 14785 14793 14799 14806 14811 14818 
14818 14826 14827 14832 14837 14846 14848 14852 14852 14861 
14862 14862 14868 14875 14884 14891 14894 14897 14905 14911 
14917 14921 14923 14930 14931 14940 14948 14948 14956 14961 
14968 14968 14972 14980 14987 14988 14997 15006 15011 15020 
15029 15037 15046 15051 15056 15056 15060 15069 15072 15074 
15079 15080 15086 15095 15096 15096 15104 15105 15105 15113 
15119 15128 15136 15138 15145 15150 15153 15160 15165 15165 
15173 15179 15187 15187 15188 15192 15194 15199 15204 15210 
15219 15219 15228 15235 15244 15246 15253 15253 15256 15263 
15271 15271 15277 15286 15290 15296 15300 15308 15313 15314 
15322 15327 15334 15343 15348 15356 15359 15367 15372 15380 
15386 15390 15390 15397 15399 15400 15400 15409 15412 15415 
15424 15428 15433 15440 15443 15443 15448 15455 15455 15457 
15466 15466 15474 15480 15489 15492 15499 15503 15506 15508 
15512 15521 15528 15534 15543 15544 15544 15553 15553 15556 
15560 15561 15568 15570 15579 15579 15583 15587 15587 15591 
15598 15607 15613 15620 15627 15633 15633 15637 15637 15643 
15652 15659 15666 15672 15675 15681 15688 15691 15698 15707 
15714 15716 15717 15723 15729 15731 15740 15740 15748 15757 
15763 15770 15770 15772 15776 15785 15793 15800 15806 15807 
15810 15815 15815 15815 15816 15819 15828 15828 15837 15843 
15852 15860 15860 15862 15866 15872 15876 15881 15887 15892 
15896 15900 15902 15908 15915 15924 15930 15937 15943 15945 
15945 15954 15961 15961 15962 15962 15968 15970 15970 15975 
15984 15985 15988 15997 16003 16012 16020 16022 16027 16031 
16038 16039 16048 16050 16050 16058 16059 16067 16072 16079 
16079 16085 16093 16102 16110 16111 16112 16116 16120 16123 
16132 16137 16143 16147 16153 16155 16161 16165 16170 16171 
16172 16174 16178 16180 16186 16190 16190 16197 16199 16206 
16210 16214 16219 16221 16226 16230 16234 16240 16240 16240 
16241 16243 16248 16256 16262 16263 16263 16265 16271 16278 
16283 16290 16292 16292 16293 16301 16305 16306 16312 16321 
16329 16329 16332 16336 16341 16350 16350 16351 16358 16358 
16359 16368 16370 16378 16387 16388 16397 16406 16411 16418 
16427 16430 16436 16437 16440 16447 16456 16465 16465 16470 
16470 16479 16487 16491 16496 16501 16506 16513 16519 16523 
16530 16539 16544 16546 16553 16557 16562 16568 16574 16576 
16582 16587 16592 16594 16602 16610 16612 16619 16619 16621 
16626 16626 16629 16634 16640 16648 16648 16649 16656 16662 
16670 16677 16684 16687 16696 16700 16700 16706 16706 16712 
16720 16728 16731 16735 16736 16737 16741 16744 16744 16750 
16757 16764 16771 16772 16774 16777 16778 16782 16789 16798 
16800 16807 16813 16822 16822 16829 16832 16834 16837 16843 
16843 16846 16850 16853 16860 16867 16873 16877 16879 16888 
16888 16888 16894 16903 16904 16905 16908 16910 16917 16919 
16920 16920 16929 16938 16939 16940 16946 16951 16957 16966 
16969 16975 16978 16987 16987 16989 16996 17004 17012 17021 
17028 17037 17038 17044 17052 17056 17063 17066 17075 17079 
17086 17088 17094 17100 17102 17110 17110 17118 17123 17129 
17137 17145 17149 17152 17159 17163 17170 17176 17181 17187 
17195 17197 17204 17213 17221 17226 17232 17239 17240 17245 
17249 17257 17264 17264 17271 17280 17288 17295 17303 17306 
17311 17319 17322 17331 17334 17337 17343 17343 17352 17355 
17363 17370 17377 17382 17391 17399 17400 17405 17410 17414 
17414 17423 17425 17434 17434 17443 17452 17452 17460 17469 
17475 17480 17489 17490 17497 17501 17505 17510 17514 17520 
17528 17533 17536 17541 17541 17545 17548 17551 17560 17569 
17576 17577 17577 17579 17580 17582 17583 17585 17590 17592 
17595 17596 17605 17607 17609 17615 17623 17632 17633 17635 
17640 17649 17658 17658 17663 17663 17668 17668 17671 17677 
17678 17681 17681 17683 17688 17691 17697 17705 17712 17713 
17713 17713 17717 17717 17721 17730 17738 17740 17748 17748 
17754 17759 17760 17766 17771 17779 17787 17789 17798 17799 
17800 17800 17806 17807 17811 17812 17818 17819 17819 17822 
17824 17826 17829 17836 17840 17849 17855 17858 17859 17865 
17868 17877 17878 17882 17887 17893 17896 17899 17900 17902 
17909 17911 17915 17918 17923 17932 17939 17940 17942 17949 
17953 17957 17966 17975 17978 17982 17990 17991 18000 18001 
18008 18010 18010 18010 18018 18026 18035 18036 18039 18039 
18044 18046 18048 18050 18056 18063 18064 18067 18067 18070 
18072 18076 18085 18088 18093 18098 18107 18110 18116 18124 
18130 18136 18136 18142 18148 18157 18163 18168 18170 18170 
18175 18175 18177 18186 18188 18188 18194 18197 18202 18208 
18216 18223 18225 18234 18237 18244 18248 18250 18252 18253 
18254 18262 18269 18272 18279 18284 18288 18291 18292 18299 
18304 18312 18321 18321 18329 18330 18330 18336 18342 18350 
18355 18359 18366 18373 18376 18376 18383 18391 18394 18403 
18404 18410 18410 18410 18419 18426 18431 18435 18435 18443 
18446 18454 18461 18463 18471 18478 18481 18489 18492 18501 
18509 18509 18514 18520 18520 18520 18526 18533 18533 18542 
18550 18553 18560 18568 18571 18578 18583 18584 18587 18595 
18604 18612 18618 18626 18626 18630 18637 18642 18646 18647 
18653 18656 18659 18662 18663 18666 18669 18676 18678 18684 
18693 18694 18703 18709 18710 18713 18716 18725 18731 18739 
18746 18751 18757 18762 18768 18774 18775 18778 18781 18788 
18794 18795 18797 18799 18803 18806 18811 18819 18820 18828 
18834 18836 18837 18842 18850 18852 18860 18864 18865 18871 
18873 18873 18875 18884 18891 18891 18898 18898 18903 18906 
18914 18918 18922 18922 18928 18937 18943 18944 18953 18962 
18963 18968 18969 18971 18973 18982 18987 18988 18993 19001 
19008 19008 19009 19010 19011 19019 19022 19022 19031 19032 
19035 19044 19049 19057 19066 19067 19076 19083 19087 19087 
19093 19099 19106 19113 19113 19122 19131 19138 19140 19144 
19152 19154 19158 19167 19172 19177 19186 19195 19201 19201 
19203 19204 19213 19220 19221 19222 19222 19224 19232 19236 
19238 19245 19247 19248 19252 19257 19258 19261 19263 19266 
19266 19268 19275 19281 19282 19285 19289 19292 19296 19298 
19301 19307 19310 19315 19318 19325 19333 19338 19347 19355 
19356 19358 19363 19369 19372 19374 19375 19381 19388 19393 
19395 19402 19410 19419 19425 19426 19430 19430 19434 19442 
19446 19446 19452 19459 19466 19467 19471 19478 19484 19488 
19493 19501 19509 19512 19518 19521 19526 19533 19535 19537 
19541 19545 19547 19551 19556 19556 19562 19562 19562 19564 
19564 19568 19572 19579 19582 19585 19593 19593 19593 19600 
19606 19612 19619 19625 19626 19629 19630 19636 19638 19641 
19641 19649 19658 19662 19665 19670 19674 19675 19682 19686 
19691 19698 19698 19700 19706 19712 19717 19724 19732 19738 
19742 19746 19750 19753 19753 19758 19766 19767 19768 19768 
19775 19778 19778 19784 19792 19795 19798 19800 19806 19806 
19815 19817 19817 19826 19830 19836 19843 19844 19847 19852 
19859 19868 19877 19878 19880 19881 19887 19889 19894 19903 
19905 19909 19912 19915 19915 19916 19924 19928 19933 19940 
19946 19950 19959 19965 19971 19976 19979 19982 19988 19996 
20005 20011 20019 20019 20026 20028 20032 20038 20043 20044 
20049 20058 20063 20063 20067 20074 20075 20078 20081 20088 
20088 20088 20091 20092 20098 20107 20115 20124 20127 20133 
20133 20137 20139 20139 20145 20147 20149 20151 20159 20168 
20171 20176 20177 20177 20183 20188 20196 20205 20205 20206 
20214 20216 20217 20219 20224 20224 20225 20228 20237 20243 
20245 20246 20246 20250 20251 20260 20268 20274 20275 20281 
20286 20291 20293 20299 20304 20304 20308 20313 20322 20326 
20333 20341 20348 20348 20348 20350 20350 20351 20359 20361 
20369 20369 20372 20372 20378 20383 20392 20397 20398 20401 
20404 20412 20412 20417 20422 20427 20432 20441 20444 20451 
20456 20456 20461 20465 20467 20472 20479 20482 20490 20497 
20502 20510 20517 20517 20518 20523 20528 20530 20530 20538 
20543 20547 20554 20559 20560 20564 20567 20576 20581 20587 
20593 20593 20601 20602 20607 20607 20615 20619 20624 20632 
20633 20633 20642 20642 20643 20643 20648 20656 20658 20666 
20673 20673 20675 20681 20686 20691 20691 20691 20695 20700 
20706 20706 20713 20719 20722 20726 20735 20738 20746 20750 
20752 20753 20758 20759 20762 20770 20773 20774 20780 20787 
20796 20801 20808 20811 20812 20817 20817 20820 20825 20830 
20838 20842 20849 20857 20859 20862 20864 20865 20871 20874 
20880 20880 20886 20889 20890 20892 20895 20901 20904 20905 
20909 20913 20920 20923 20930 20930 20930 20939 20943 20951 
20955 20959 20963 20967 20969 20975 20982 20987 20995 21000 
21000 21006 21012 21018 21027 21036 21044 21048 21054 21057 
21062 21064 21071 21075 21082 21088 21093 21093 21099 21100 
21108 21110 21115 21117 21123 21131 21131 21136 21141 21149 
21150 21155 21161 21170 21173 21180 21188 21192 21193 21199 
21206 21213 21213 21218 21219 21219 21220 21228 21228 21237 
21246 21246 21248 21253 21255 21255 21260 21262 21268 21270 
21273 21282 21289 21298 21298 21300 21307 21307 21313 21313 
21322 21326 21333 21342 21343 21344 21345 21349 21358 21359 
21363 21364 21365 21373 21381 21386 21394 21397 21397 21403 
21408 21413 21420 21424 21430 21437 21445 21450 21450 21455 
21461 21470 21471 21474 21482 21484 21490 21490 21498 21506 
21509 21513 21522 21529 21531 21538 21542 21545 21547 21553 
21562 21571 21572 21581 21584 21584 21592 21593 21598 21606 
21614 21615 21622 21631 21638 21646 21649 21652 21652 21656 
21659 21662 21670 21672 21674 21677 21686 21693 21699 21702 
21705 21712 21714 21721 21727 21734 21741 21746 21747 21749 
21752 21761 21767 21770 21771 21774 21775 21781 21789 21790 
21792 21794 21800 21801 21807 21816 21820 21828 21834 21836 
21837 21838 21847 21851 21859 21865 21868 21873 21876 21880 
21888 21896 21900 21906 21909 21916 21917 21921 21926 21927 
21934 21942 21945 21949 21958 21960 21965 21970 21970 21971 
21980 21983 21985 21993 22002 22003 22009 22012 22020 22021 
22028 22034 22034 22037 22041 22046 22048 22053 22053 22061 
22068 22077 22083 22085 22090 22097 22101 22101 22105 22111 
22114 22117 22117 22123 22126 22135 22144 22144 22146 22153 
22156 22158 22164 22169 22174 22174 22175 22183 22191 22194 
22202 22207 22209 22215 22222 22230 22233 22235 22243 22252 
22252 22254 22258 22258 22258 22265 22265 22266 22275 22279 
22279 22282 22288 22296 22304 22308 22309 22310 22314 22323 
22327 22331 22335 22342 22342 22343 22350 22355 22360 22367 
22371 22377 22386 22394 22400 22401 22408 22416 22418 22425 
22430 22435 22437 22440 22443 22445 22452 22456 22460 22463 
22466 22474 22481 22488 22495 22502 22503 22507 22509 22517 
22519 22527 22531 22534 22542 22545 22550 22556 22559 22568 
22573 22581 22585 22594 22596 22604 22605 22606 22608 22613 
22620 22628 22634 22638 22643 22646 22650 22658 22666 22674 
22681 22683 22690 22691 22696 22703 22709 22711 22716 22718 
22720 22720 22720 22728 22729 22733 22739 22742 22750 22751 
22751 22756 22765 22771 22772 22778 22778 22783 22788 22788 
22794 22796 22798 22801 22806 22815 22817 22821 22823 22831 
22837 22841 22841 22849 22851 22853 22858 22859 22864 22867 
22869 22874 22874 22877 22881 22882 22891 22897 22906 22910 
22916 22921 22927 22927 22927 22931 22940 22944 22952 22955 
22957 22961 22970 22975 22977 22981 22988 22995 23000 23004 
23006 23015 23016 23020 23022 23027 23035 23038 23039 23046 
23054 23063 23067 23073 23074 23080 23080 23083 23083 23091 
23097 23102 23106 23114 23114 23123 23125 23132 23138 23145 
23148 23149 23157 23161 23166 23168 23170 23175 23180 23185 
23187 23192 23199 23207 23209 23217 23223 23227 23228 23235 
23240 23240 23244 23253 23261 23265 23273 23275 23278 23285 
23286 23292 23292 23301 23303 23310 23313 23317 23320 23328 
23330 23337 23341 23350 23356 23364 23371 23375 23377 23378 
23379 23386 23389 23394 23403 23406 23407 23416 23421 23425 
23433 23439 23441 23449 23454 23459 23465 23473 23482 23483 
23491 23492 23500 23504 23506 23512 23514 23514 23515 23522 
23525 23529 23535 23541 23543 23548 23557 23560 23567 23571 
23579 23584 23584 23584 23590 23597 23604 23608 23615 23624 
23629 23636 23638 23641 23643 23648 23648 23652 23657 23658 
23661 23669 23676 23676 23682 23691 23696 23701 23704 23708 
23709 23712 23712 23713 23718 23724 23724 23727 23729 23738 
23740 23747 23753 23757 23757 23765 23766 23768 23773 23779 
23784 23792 23798 23801 23809 23813 23815 23821 23830 23835 
23835 23837 23837 23839 23842 23848 23848 23853 23854 23856 
23860 23865 23874 23875 23876 23878 23879 23882 23886 23892 
23893 23893 23898 23906 23909 23914 23918 23925 23928 23934 
23937 23941 23949 23954 23962 23966 23967 23976 23985 23989 
23992 23998 24007 24010 24017 24018 24025 24033 24037 24038 
24045 24050 24053 24057 24062 24070 24079 24079 24085 24088 
24094 24095 24104 24108 24114 24121 24129 24129 24137 24137 
24141 24143 24149 24155 24162 24167 24174 24178 24183 24186 
24193 24195 24203 24206 24212 24218 24219 24227 24235 24244 
24247 24253 24253 24255 24257 24266 24267 24270 24279 24281 
24284 24289 24293 24294 24295 24298 24306 24306 24315 24318 
24321 24329 24335 24339 24342 24346 24348 24353 24357 24357 
24363 24370 24378 24387 24388 24388 24396 24399 24402 24411 
24418 24426 24430 24433 24434 24442 24448 24457 24465 24472 
24475 24477 24482 24483 24491 24500 24507 24507 24513 24515 
24517 24519 24528 24528 24531 24534 24534 24535 24543 24549 
24549 24554 24560 24567 24575 24583 24588 24592 24599 24604 
24605 24607 24616 24624 24627 24634 24641 24642 24651 24656 
24661 24662 24662 24668 24669 24672 24681 24685 24692 24699 
24699 24706 24708 24714 24720 24722 24728 24731 24737 24741 
24750 24759 24765 24773 24773 24775 24783 24792 24797 24804 
24809 24809 24818 24825 24831 24831 24831 24839 24845 24854 
24861 24867 24876 24876 24881 24886 24888 24889 24898 24899 
24906 24914 24916 24920 24928 24932 24940 24946 24950 24953 
24957 24958 24963 24966 24974 24975 24980 24980 24981 24985 
24985 24994 24994 25003 25004 25011 25017 25022 25031 25036 
25044 25050 25055 25056 25058 25062 25067 25067 25069 25070 
25073 25079 25081 25089 25090 25092 25094 25103 25106 25111 
25114 25119 25123 25128 25134 25141 25144 25146 25149 25153 
25153 25154 25156 25161 25165 25170 25171 25173 25178 25182 
25185 25186 25188 25196 25197 25201 25201 25206 25211 25216 
25219 25219 25221 25228 25233 25241 25246 25246 25249 25249 
25253 25256 25257 25264 25272 25278 25282 25282 25290 25291 
25297 25300 25302 25310 25311 25317 25319 25323 25326 25335 
25344 25350 25359 25363 25369 25376 25378 25379 25386 25391 
25392 25396 25404 25408 25411 25420 25420 25427 25436 25436 
25444 25449 25453 25456 25459 25464 25473 25481 25490 25494 
25503 25504 25505 25514 25519 25526 25532 25541 25541 25546 
25553 25556 25565 25570 25577 25579 25585 25585 25594 25601 
25603 25603 25607 25613 25616 25616 25620 25624 25632 25637 
25645 25654 25660 25661 25669 25672 25680 25686 25691 25691 
25693 25695 25700 25703 25712 25717 25723 25729 25734 25741 
25744 25751 25758 25766 25772 25774 25774 25774 25780 25788 
25795 25800 25809 25815 25821 25829 25838 25845 25851 25857 
25866 25866 25874 25879 25883 25883 25883 25885 25891 25898 
25899 25900 25906 25907 25908 25912 25915 25916 25922 25922 
25923 25927 25934 25935 25935 25940 25941 25950 25954 25961 
25967 25971 25979 25985 25986 25990 25996 25999 26005 26009 
26011 26020 26028 26028 26028 26029 26034 26038 26041 26042 
26046 26052 26057 26060 26069 26074 26082 26082 26089 26092 
26092 26097 26106 26106 26109 26109 26113 26113 26116 26118 
26124 26131 26132 26136 26143 26145 26153 26155 26163 26164 
26170 26172 26181 26182 26189 26198 26207 26212 26213 26221 
26221 26222 26225 26226 26227 26235 26236 26243 26243 26249 
26250 26257 26260 26263 26266 26269 26276 26277 26282 26287 
26291 26292 26301 26307 26312 26318 26323 26327 26330 26336 
26338 26344 26344 26351 26358 26361 26366 26367 26370 26376 
26383 26387 26392 26395 26404 26404 26410 26418 26420 26423 
26426 26434 26441 26445 26449 26451 26451 26452 26460 26466 
26466 26466 26468 26468 26477 26486 26491 26497 26497 26505 
26509 26509 26514 26515 26520 26524 26526 26529 26532 26538 
26544 26552 26556 26559 26562 26563 26568 26573 26575 26578 
26579 26581 26586 26591 26595 26601 26606 26608 26613 26620 
26622 26631 26638 26645 26646 26650 26654 26659 26666 26675 
26676 26680 26687 26694 26703 26705 26713 26720 26728 26731 
26733 26734 26741 26741 26748 26752 26758 26762 26768 26769 
26770 26778 26781 26782 26790 26794 26799 26801 26810 26815 
26818 26820 26821 26821 26830 26830 26835 26835 26842 26845 
26850 26850 26856 26858 26858 26861 26869 26877 26886 26890 
26890 26891 26896 26901 26905 26910 26919 26920 26929 26929 
26935 26937 26939 26948 26952 26955 26955 26964 26967 26976 
26980 26988 26997 27000 27003 27004 27010 27011 27011 27019 
27027 27029 27030 27035 27042 27047 27049 27057 27065 27066 
27066 27073 27078 27080 27086 27095 27100 27108 27109 27110 
27118 27123 27124 27131 27131 27137 27138 27147 27147 27150 
27157 27157 27164 27172 27179 27183 27188 27197 27201 27206 
27206 27210 27212 27217 27225 27226 27232 27237 27246 27253 
27259 27266 27271 27271 27278 27283 27289 27297 27301 27309 
27310 27313 27321 27329 27330 27335 27339 27347 27351 27351 
27355 27361 27365 27371 27374 27376 27385 27387 27394 27403 
27404 27410 27418 27424 27432 27437 27441 27447 27450 27450 
27455 27461 27465 27468 27474 27481 27482 27484 27490 27495 
27497 27497 27501 27507 27515 27524 27524 27532 27533 27533 
27542 27545 27553 27560 27561 27567 27570 27577 27579 27587 
27595 27602 27609 27613 27616 27621 27622 27626 27634 27641 
27642 27642 27651 27658 27667 27675 27682 27683 27691 27691 
27694 27701 27704 27705 27709 27716 27723 27732 27736 27738 
27746 27748 27749 27756 27762 27766 27768 27768 27768 27768 
27777 27781 27784 27793 27794 27798 27805 27805 27812 27817 
27818 27819 27821 27827 27829 27837 27840 27842 27850 27850 
27854 27862 27864 27869 27874 27875 27877 27884 27887 27891 
27891 27893 27893 27898 27899 27901 27910 27918 27922 27928 
27933 27940 27949 27958 27964 27966 27974 27975 27979 27987 
27988 27988 27994 28000 28007 28008 28015 28024 28024 28026 
28032 28032 28036 28042 28047 28053 28053 28059 28065 28072 
28077 28079 28083 28087 28090 28090 28098 28099 28101 28105 
28114 28119 28123 28128 28129 28131 28139 28147 28150 28159 
28161 28162 28171 28178 28186 28193 28196 28204 28207 28208 
28213 28221 28224 28226 28231 28238 28242 28245 28245 28251 
28259 28261 28265 28269 28278 28283 28291 28299 28305 28307 
28316 28324 28327 28335 28340 28343 28350 28350 28354 28355 
28357 28366 28367 28374 28377 28385 28391 28399 28401 28408 
28414 28416 28425 28425 28431 28439 28445 28452 28460 28462 
28471 28478 28478 28482 28490 28498 28498 28503 28511 28515 
28523 28523 28528 28530 28530 28539 28539 28545 28552 28556 
28561 28564 28570 28574 28578 28583 28588 28590 28592 28597 
28601 28604 28607 28613 28622 28625 28629 28638 28646 28651 
28656 28665 28670 28671 28674 28681 28681 28684 28688 28695 
28703 28712 28714 28720 28726 28734 28735 28738 28738 28743 
28751 28755 28763 28766 28769 28777 28783 28792 28801 28808 
28812 28817 28823 28825 28833 28842 28851 28859 28863 28866 
28873 28877 28882 28883 28884 28885 28885 28889 28895 28895 
28895 28899 28906 28914 28914 28914 28922 28928 28937 28937 
28940 28946 28953 28954 28962 28967 28969 28976 28979 28986 
28989 28991 28992 29000 29003 29005 29006 29009 29018 29025 
29031 29040 29043 29046 29055 29058 29063 29063 29063 29069 
29069 29074 29076 29083 29092 29094 29098 29099 29099 29108 
29116 29119 29120 29120 29121 29127 29131 29135 29137 29140 
29141 29149 29153 29157 29160 29164 29164 29164 29168 29170 
29178 29184 29191 29194 29199 29205 29210 29219 29219 29224 
29232 29240 29240 29241 29241 29242 29249 29256 29263 29264 
29266 29274 29283 29290 29295 29299 29302 29307 29311 29320 
29327 29330 29335 29341 29347 29347 29352 29355 29356 29361 
29370 29371 29374 29383 29385 29391 29394 29395 29398 29398 
29403 29410 29411 29415 29419 29425 29426 29433 29434 29441 
29449 29449 29451 29454 29460 29468 29473 29474 29478 29486 
29492 29495 29504 29506 29508 29511 29519 29526 29533 29536 
29544 29546 29546 29555 29563 29570 29577 29586 29592 29592 
29599 29604 29604 29613 29613 29621 29621 29627 29627 29631 
29637 29645 29654 29660 29662 29665 29666 29666 29667 29675 
29680 29681 29681 29689 29691 29700 29705 29714 29714 29715 
29724 29731 29739 29740 29749 29758 29767 29768 29775 29776 
29781 29784 29784 29788 29789 29791 29798 29801 29806 29806 
29807 29809 29810 29814 29814 29817 29822 29829 29833 29838 
29839 29842 29847 29856 29862 29868 29868 29874 29881 29888 
29895 29899 29902 29911 29919 29923 29927 29934 29943 29944 
29952 29955 29958 29959 29966 29972 29977 29981 29984 29993 
29994 29998 30003 30011 30017 30020 30024 30030 30039 30040 
30044 30053 30060 30069 30069 30074 30079 30083 30088 30093 
30098 30103 30111 30112 30118 30125 30132 30135 30138 30138 
30143 30147 30154 30156 30159 30162 30167 30176 30185 30192 
30195 30200 30208 30208 30212 30220 30228 30228 30233 30236 
30241 30241 30241 30246 30247 30255 30259 30259 30261 30268 
30269 30278 30281 30281 30282 30290 30293 30299 30307 30309 
30314 30317 30325 30328 30331 30335 30337 30338 30342 30349 
30355 30356 30365 30371 30379 30382 30387 30389 30392 30401 
30402 30408 30416 30423 30431 30440 30445 30446 30453 30458 
30464 30469 30477 30481 30489 30491 30499 30501 30506 30511 
30512 30514 30520 30521 30521 30526 30532 30539 30548 30549 
30555 30558 30558 30564 30564 30572 30579 30586 30586 30591 
30596 30602 30602 30607 30609 30609 30618 30620 30623 30628 
30637 30641 30650 30656 30663 30672 30675 30678 30687 30691 
30698 30703 30710 30717 30719 30728 30733 30734 30743 30750 
30756 30760 30765 30773 30774 30781 30790 30791 30793 30797 
30805 30806 30806 30813 30822 30830 30838 30842 30845 30852 
30861 30863 30868 30876 30885 30894 30894 30901 30901 30910 
30914 30923 30928 30930 30939 30945 30946 30946 30955 30958 
30962 30969 30974 30979 30985 30991 30996 31001 31002 31002 
31006 31006 31009 31018 31018 31022 31022 31022 31023 31026 
31027 31035 31037 31043 31043 31044 31049 31050 31052 31056 
31063 31071 31075 31079 31084 31084 31084 31084 31091 31094 
31097 31099 31104 31112 31115 31121 31123 31127 31133 31139 
31146 31146 31150 31151 31157 31163 31165 31168 31177 31183 
31183 31191 31196 31200 31202 31202 31206 31211 31214 31218 
31226 31234 31240 31244 31250 31259 31259 31259 31264 31272 
31278 31282 31290 31292 31297 31304 31304 31304 31306 31306 
31314 31316 31316 31319 31325 31328 31334 31337 31345 31346 
31353 31359 31360 31365 31367 31374 31380 31384 31393 31395 
31398 31404 31412 31415 31423 31429 31431 31432 31438 31443 
31446 31450 31457 31460 31460 31466 31472 31480 31481 31487 
31488 31496 31501 31503 31508 31515 31516 31517 31519 31519 
31522 31529 31537 31541 31543 31552 31552 31557 31557 31563 
31563 31566 31568 31577 31583 31587 31592 31597 31601 31607 
31608 31615 31621 31627 31636 31637 31643 31645 31650 31658 
31663 31663 31670 31673 31677 31686 31688 31692 31696 31700 
31702 31708 31715 31722 31728 31734 31737 31740 31741 31741 
31741 31743 31750 31758 31759 31768 31770 31777 31778 31785 
31792 31800 31807 31811 31813 31817 31822 31828 31836 31836 
31837 31840 31848 31848 31848 31852 31858 31863 31871 31878 
31883 31883 31885 31888 31888 31891 31893 31895 31897 31902 
31903 31912 31916 31917 31922 31930 31935 31935 31941 31946 
31948 31955 31955 31956 31956 31956 31963 31969 31977 31984 
31990 31993 32002 32010 32018 32018 32021 32021 32025 32030 
32038 32046 32052 32054 32063 32066 32068 32074 32077 32085 
32088 32096 32102 32106 32107 32115 32121 32121 32127 32131 
32131 32133 32133 32142 32144 32152 32153 32160 32161 32169 
32173 32182 32190 32192 32195 32204 32209 32214 32219 32220 
32223 32223 32232 32233 32237 32239 32248 32251 32253 32259 
32266 32268 32268 32277 32281 32286 32294 32301 32303 32312 
32319 32328 32328 32333 32334 32337 32341 32348 32356 32357 
32365 32366 32368 32375 32380 32388 32389 32393 32394 32397 
32399 32400 32408 32413 32413 32417 32417 32425 32426 32430 
32439 32448 32451 32460 32466 32471 32473 32474 32476 32478 
32480 32480 32486 32490 32499 32500 32503 32505 32512 32518 
32523 32525 32532 32537 32544 32552 32553 32560 32568 32571 
32574 32582 32586 32593 32602 32602 32604 32608 32611 32617 
32623 32629 32637 32639 32641 32648 32651 32658 32667 32670 
32674 32680 32685 32688 32692 32694 32695 32700 32701 32701 
32701 32707 32707 32713 32716 32725 32734 32741 32744 32746 
32749 32749 32749 32750 32754 32759 32759 32759 32761 32762 
32765 32773 32781 32781 32783 32787 32791 32796 32805 32812 
32817 32819 32822 32829 32837 32844 32851 32858 32864 32866 
32866 32866 32870 32872 32875 32884 32891 32895 32896 32896 
32901 32905 32905 32910 32916 32920 32929 32929 32929 32930 
32937 32944 32947 32949 32954 32955 32956 32960 32961 32969 
32977 32978 32978 32981 32986 32989 32993 32996 33003 33008 
33013 33018 33019 33024 33024 33031 33031 33031 33040 33042 
33045 33053 33062 33068 33068 33074 33083 33087 33089 33089 
33091 33092 33095 33097 33103 33112 33119 33119 33121 33126 
33133 33140 33140 33140 33144 33146 33155 33161 33165 33173 
33173 33180 33188 33188 33193 33193 33201 33206 33210 33213 
33220 33226 33230 33231 33231 33233 33233 33241 33245 33249 
33254 33255 33258 33265 33266 33275 33284 33286 33292 33298 
33298 33304 33307 33307 33315 33316 33316 33325 33331 33336 
33338 33341 33344 33352 33358 33364 33364 33370 33376 33380 
33382 33383 33390 33395 33395 33403 33408 33409 33409 33412 
33419 33421 33422 33425 33427 33429 33433 33435 33436 33438 
33447 33452 33457 33460 33463 33467 33476 33479 33479 33484 
33493 33498 33506 33512 33512 33520 33526 33533 33534 33542 
33544 33545 33545 33549 33553 33557 33563 33563 33571 33580 
33582 33590 33594 33603 33604 33611 33614 33616 33618 33624 
33631 33632 33633 33638 33645 33648 33653 33658 33659 33665 
33668 33671 33678 33681 33690 33693 33702 33707 33710 33717 
33723 33730 33735 33735 33742 33750 33759 33761 33761 33762 
33770 33779 33783 33784 33790 33793 33798 33799 33807 33815 
33815 33816 33819 33828 33834 33837 33840 33845 33845 33853 
33856 33863 33869 33869 33878 33883 33884 33893 33902 33905 
33907 33915 33918 33925 33926 33927 33927 33933 33936 33945 
33951 33956 33958 33960 33964 33973 33978 33987 33991 33998 
33998 34007 34013 34021 34023 34029 34032 34035 34042 34046 
34054 34063 34065 34068 34074 34080 34085 34092 34094 34094 
34102 34103 34108 34108 34111 34112 34121 34121 34122 34128 
34137 34140 34145 34151 34152 34161 34165 34171 34175 34176 
34176 34179 34179 34184 34190 34199 34200 34203 34209 34214 
34217 34223 34229 34237 34245 34246 34246 34246 34247 34250 
34256 34257 34263 34266 34275 34282 34285 34288 34293 34300 
34304 34309 34309 34315 34317 34326 34331 34334 34336 34339 
34348 34354 34355 34362 34368 34368 34377 34383 34383 34383 
34384 34390 34393 34400 34401 34403 34409 34413 34420 34423 
34425 34428 34429 34433 34433 34436 34441 34448 34455 34463 
34464 34470 34476 34480 34485 34487 34491 34495 34496 34500 
34507 34509 34511 34513 34515 34521 34528 34528 34528 34532 
34536 34540 34548 34553 34554 34554 34562 34568 34577 34584 
34588 34590 34595 34597 34604 34605 34610 34611 34616 34622 
34630 34634 34634 34636 34643 34645 34653 34657 34662 34663 
34671 34672 34677 34685 34691 34699 34699 34705 34710 34712 
34718 34719 34723 34724 34728 34729 34731 34740 34745 34745 
34752 34757 34761 34770 34777 34780 34784 34792 34799 34808 
34809 34817 34817 34825 34833 34841 34848 34849 34855 34857 
34860 34862 34865 34872 34876 34885 34886 34894 34894 34900 
34908 34915 34918 34923 34930 34930 34930 34931 34931 34931 
34933 34934 34934 34936 34936 34936 34938 34945 34946 34954 
34955 34961 34962 34968 34974 34981 34987 34994 34999 35005 
35010 35016 35022 35030 35033 35036 35036 35039 35045 35046 
35051 35051 35055 35060 35064 35070 35078 35084 35087 35096 
35100 35106 35114 35121 35124 35128 35134 35143 35146 35148 
35155 35163 35163 35166 35174 35179 35187 35187 35187 35191 
35194 35200 35204 35212 35215 35223 35227 35228 35234 35234 
35237 35240 35246 35247 35249 35258 35263 35272 35272 35272 
35275 35283 35283 35286 35287 35295 35295 35297 35305 35305 
35311 35313 35319 35322 35324 35326 35329 35335 35338 35338 
35346 35352 35357 35362 35371 35378 35384 35388 35394 35403 
35409 35418 35427 35433 35437 35439 35443 35447 35451 35456 
35463 35466 35475 35480 35486 35487 35494 35495 35504 35505 
35508 35516 35525 35533 35538 35547 35553 35554 35559 35563 
35565 35567 35573 35574 35582 35584 35588 35593 35602 35602 
35602 35608 35611 35620 35621 35630 35630 35639 35642 35651 
35653 35659 35668 35669 35676 35680 35682 35687 35695 35703 
35712 35712 35712 35717 35721 35721 35729 35729 35734 35741 
35741 35746 35751 35755 35761 35767 35772 35778 35785 35793 
35801 35810 35817 35826 35829 35833 35837 35842 35851 35855 
35860 35860 35866 35873 35881 35881 35889 35895 35895 35898 
35903 35906 35907 35909 35916 35923 35923 35925 35931 35939 
35942 35948 35957 35959 35964 35966 35972 35981 35981 35988 
35993 36000 36007 36009 36014 36019 36023 36026 36029 36036 
36042 36042 36042 36051 36055 36062 36069 36074 36075 36078 
36081 36087 36096 36098 36106 36110 36117 36121 36127 36136 
36139 36142 36148 36151 36156 36157 36157 36157 36163 36169 
36176 36181 36187 36196 36200 36201 36207 36208 36214 36223 
36229 36230 36236 36243 36248 36252 36256 36260 36261 36263 
36268 36272 36277 36279 36286 36287 36292 36292 36295 36299 
36305 36307 36316 36320 36321 36324 36331 36340 36347 36352 
36360 36365 36371 36375 36378 36382 36383 36392 36400 36402 
36403 36407 36413 36419 36427 36433 36442 36445 36451 36455 
36464 36468 36476 36484 36492 36501 36505 36511 36519 36522 
36523 36532 36540 36540 36545 36548 36552 36558 36560 36562 
36570 36575 36583 36590 36594 36600 36605 36610 36612 36613 
36613 36614 36621 36621 36623 36628 36628 36634 36637 36637 
36646 36651 36652 36661 36668 36675 36680 36681 36684 36693 
36698 36702 36707 36713 36714 36715 36717 36723 36729 36735 
36744 36752 36752 36758 36767 36769 36772 36773 36781 36788 
36789 36798 36802 36807 36815 36816 36818 36823 36827 36832 
36837 36838 36839 36841 36848 36850 36853 36855 36855 36864 
36872 36881 36881 36889 36896 36905 36907 36910 36912 36912 
36912 36917 36918 36924 36924 36926 36933 36935 36942 36945 
36945 36947 36951 36952 36956 36960 36964 36971 36977 36983 
36992 36998 37006 37015 37022 37027 37027 37036 37044 37046 
37048 37048 37055 37060 37066 37066 37073 37078 37080 37085 
37093 37095 37104 37109 37115 37121 37130 37132 37137 37144 
37152 37156 37161 37167 37172 37176 37180 37187 37191 37193 
37194 37202 37207 37216 37219 37220 37221 37224 37231 37234 
37242 37249 37257 37266 37270 37274 37279 37282 37290 37291 
37293 37299 37304 37304 37309 37312 37316 37325 37325 37325 
37328 37330 37338 37346 37349 37353 37353 37357 37364 37373 
37382 37389 37397 37404 37410 37413 37416 37418 37426 37427 
37430 37431 37431 37431 37432 37437 37442 37449 37453 37459 
37467 37474 37474 37482 37488 37493 37497 37505 37506 37507 
37516 37516 37516 37523 37523 37530 37530 37535 37544 37553 
37560 37564 37566 37573 37577 37582 37586 37586 37588 37596 
37604 37606 37613 37613 37614 37617 37622 37627 37630 37638 
37647 37649 37657 37666 37668 37676 37682 37684 37688 37695 
37698 37701 37704 37711 37713 37721 37723 37729 37729 37736 
37742 37742 37751 37754 37754 37756 37765 37772 37772 37774 
37779 37788 37795 37800 37800 37809 37815 37824 37827 37829 
37835 37842 37847 37847 37851 37860 37860 37869 37876 37878 
37886 37889 37891 37898 37906 37910 37912 37919 37922 37924 
37926 37934 37937 37938 37941 37944 37944 37945 37947 37950 
37953 37954 37956 37964 37965 37974 37983 37986 37994 38000 
38005 38013 38014 38023 38030 38030 38035 38044 38053 38061 
38064 38067 38075 38081 38085 38088 38090 38096 38101 38105 
38107 38115 38120 38124 38133 38141 38144 38152 38155 38158 
38165 38165 38168 38176 38185 38186 38186 38192 38192 38194 
38198 38202 38207 38211 38213 38215 38223 38227 38235 38240 
38249 38251 38254 38260 38267 38269 38276 38278 38281 38281 
38289 38291 38292 38293 38293 38295 38297 38300 38301 38306 
38311 38318 38319 38321 38323 38326 38332 38334 38342 38349 
38356 38365 38374 38374 38381 38389 38394 38398 38399 38399 
38406 38407 38409 38417 38421 38425 38427 38436 38443 38446 
38450 38454 38455 38460 38469 38474 38482 38487 38494 38502 
38506 38510 38517 38521 38527 38534 38536 38537 38538 38543 
38546 38554 38562 38567 38575 38578 38580 38583 38585 38594 
38600 38608 38614 38623 38626 38631 38635 38638 38640 38643 
38645 38652 38659 38660 38661 38665 38673 38678 38685 38687 
38690 38691 38691 38692 38698 38699 38705 38713 38717 38717 
38717 38719 38727 38735 38739 38740 38745 38745 38752 38759 
38763 38764 38770 38771 38773 38782 38789 38792 38797 38802 
38809 38809 38817 38824 38825 38831 38831 38831 38836 38840 
38840 38847 38856 38865 38872 38875 38877 38879 38882 38891 
38900 38909 38909 38915 38916 38921 38926 38926 38926 38928 
38935 38942 38944 38949 38955 38961 38963 38970 38978 38987 
38990 38998 39004 39008 39017 39022 39029 39031 39038 39041 
39044 39052 39054 39060 39064 39069 39072 39074 39080 39083 
39089 39092 39094 39095 39096 39096 39105 39108 39117 39124 
39126 39129 39136 39136 39145 39152 39157 39164 39173 39175 
39177 39181 39181 39185 39185 39192 39194 39197 39198 39198 
39206 39215 39218 39220 39222 39226 39229 39230 39239 39241 
39241 39242 39249 39257 39258 39265 39270 39278 39284 39288 
39290 39298 39306 39311 39315 39316 39318 39324 39328 39333 
39339 39344 39348 39350 39357 39366 39374 39376 39376 39384 
39389 39390 39391 39395 39396 39401 39402 39408 39411 39420 
39422 39430 39437 39439 39442 39446 39449 39454 39456 39456 
39458 39459 39466 39474 39479 39483 39490 39493 39500 39500 
39503 39507 39510 39517 39525 39529 39533 39535 39535 39544 
39545 39549 39556 39557 39563 39563 39568 39570 39577 39586 
39588 39597 39597 39606 39606 39611 39616 39623 39624 39628 
39637 39643 39643 39645 39650 39659 39665 39674 39675 39683 
39692 39696 39698 39704 39709 39710 39717 39717 39720 39726 
39728 39735 39741 39743 39751 39759 39759 39764 39771 39772 
39772 39779 39788 39788 39797 39802 39803 39811 39815 39819 
39825 39830 39839 39840 39842 39846 39848 39849 39856 39863 
39870 39879 39883 39888 39889 39891 39894 39897 39904 39905 
39909 39918 39918 39924 39926 39935 39936 39939 39946 39953 
39961 39967 39970 39979 39986 39993 39996 39997 40005 40007 
40015 40022 40023 40025 40028 40033 40039 40047 40055 40060 
40061 40066 40071 40072 40073 40080 40081 40085 40087 40087 
40088 40090 40098 40102 40103 40108 40111 40116 40124 40125 
40132 40138 40147 40148 40148 40152 40158 40166 40168 40172 
40176 40180 40181 40182 40187 40189 40189 40197 40203 40205 
40206 40206 40211 40220 40226 40232 40239 40239 40242 40247 
40248 40249 40253 40255 40259 40263 40269 40269 40274 40283 
40289 40298 40303 40311 40313 40315 40317 40319 40320 40321 
40327 40331 40332 40335 40338 40345 40347 40347 40354 40359 
40367 40376 40384 40386 40387 40389 40397 40405 40407 40410 
40419 40420 40424 40428 40429 40435 40441 40444 40444 40453 
40457 40466 40469 40474 40476 40485 40490 40494 40503 40505 
40507 40516 40519 40519 40520 40527 40532 40532 40539 40548 
40551 40557 40557 40565 40567 40568 40574 40582 40589 40598 
40606 40609 40617 40620 40621 40623 40625 40631 40640 40644 
40652 40653 40656 40658 40661 40666 40667 40675 40682 40690 
40698 40698 40702 40702 40702 40708 40712 40721 40727 40728 
40736 40742 40748 40756 40756 40763 40763 40767 40770 40779 
40779 40781 40783 40787 40793 40799 40800 40807 40811 40819 
40824 40828 40828 40829 40834 40837 40846 40855 40859 40864 
40866 40870 40874 40882 40884 40890 40896 40900 40900 40909 
40915 40916 40919 40927 40934 40943 40949 40949 40957 40958 
40966 40969 
